1.0000000000e+00 0.0000000000e+00 0.0000000000e+00 0.0000000000e+00 0.0000000000e+00 1.0000000000e+00 0.0000000000e+00 0.0000000000e+00 0.0000000000e+00 0.0000000000e+00 1.0000000000e+00 0.0000000000e+00 0.0000000000e+00 0.0000000000e+00 0.0000000000e+00 1.0000000000e+00
9.9999934435e-01 -8.0031971447e-04 7.9967966303e-04 2.0000000950e-03 7.9967966303e-04 9.9999934435e-01 8.0031959806e-04 2.0000000950e-03 -8.0031971447e-04 -7.9967954662e-04 9.9999934435e-01 1.9999996293e-03 0.0000000000e+00 0.0000000000e+00 0.0000000000e+00 1.0000000000e+00
9.9999994040e-01 1.5652390721e-04 3.6053528311e-04 4.1001108475e-03 -1.5672629524e-04 9.9999982119e-01 5.6139560184e-04 1.0345359333e-03 -3.6044733133e-04 -5.6145206327e-04 9.9999976158e-01 1.7327916576e-03 0.0000000000e+00 0.0000000000e+00 0.0000000000e+00 1.0000000000e+00
9.9999994040e-01 3.5887569538e-04 -3.8462610974e-05 1.1249780655e-02 -3.5886312253e-04 9.9999988079e-01 3.2667416963e-04 3.7539419718e-03 3.8579841203e-05 -3.2666037441e-04 9.9999994040e-01 3.2223046292e-03 0.0000000000e+00 0.0000000000e+00 0.0000000000e+00 1.0000000000e+00
1.0000000000e+00 1.7045621644e-04 -1.1138190894e-04 1.0481040925e-02 -1.7043916159e-04 1.0000000000e+00 1.5300929954e-04 3.0995742418e-03 1.1140798597e-04 -1.5299032384e-04 1.0000000000e+00 4.8843179829e-03 0.0000000000e+00 0.0000000000e+00 0.0000000000e+00 1.0000000000e+00
9.9999946356e-01 -8.1788649550e-04 6.1516661663e-04 1.1712300591e-02 8.1740698079e-04 9.9999934435e-01 7.7927223174e-04 4.4452063739e-03 -6.1580352485e-04 -7.7876896830e-04 9.9999952316e-01 4.5463317074e-03 0.0000000000e+00 0.0000000000e+00 0.0000000000e+00 1.0000000000e+00
9.9999994040e-01 3.8864574162e-04 7.3086681368e-05 1.0678735562e-02 -3.8868206320e-04 9.9999982119e-01 4.9760885304e-04 2.5502224453e-03 -7.2893271863e-05 -4.9763725838e-04 9.9999988079e-01 1.6494072974e-02 0.0000000000e+00 0.0000000000e+00 0.0000000000e+00 1.0000000000e+00
1.0000000000e+00 1.8721913511e-04 -8.4501800302e-05 1.7631221563e-02 -1.8718421052e-04 9.9999988079e-01 4.1303885519e-04 3.2557663508e-04 8.4579114628e-05 -4.1302302270e-04 9.9999994040e-01 1.6503302380e-02 0.0000000000e+00 0.0000000000e+00 0.0000000000e+00 1.0000000000e+00
9.9999988079e-01 -2.1015979291e-04 -4.7563671251e-04 2.2342059761e-02 2.1018124244e-04 1.0000000000e+00 4.5041295380e-05 2.1680498030e-03 4.7562722466e-04 -4.5141259761e-05 9.9999988079e-01 1.7947018147e-02 0.0000000000e+00 0.0000000000e+00 0.0000000000e+00 1.0000000000e+00
9.9999982119e-01 1.6351068916e-04 -5.4346560501e-04 2.5987472385e-02 -1.6348891950e-04 1.0000000000e+00 4.0082792111e-05 4.0405062027e-03 5.4347212426e-04 -3.9993938117e-05 9.9999988079e-01 1.8177075312e-02 0.0000000000e+00 0.0000000000e+00 0.0000000000e+00 1.0000000000e+00
9.9999994040e-01 2.2806059860e-04 -2.7516708360e-04 2.2894917056e-02 -2.2807253117e-04 1.0000000000e+00 -4.3373325752e-05 4.4665243477e-03 2.7515718830e-04 4.3436080887e-05 9.9999994040e-01 1.6803797334e-02 0.0000000000e+00 0.0000000000e+00 0.0000000000e+00 1.0000000000e+00
1.0000000000e+00 1.4803501836e-04 -5.6429162214e-05 2.2651372477e-02 -1.4803007070e-04 1.0000000000e+00 8.7731939857e-05 3.0187149532e-03 5.6442149798e-05 -8.7723587058e-05 1.0000000000e+00 1.8044276163e-02 0.0000000000e+00 0.0000000000e+00 0.0000000000e+00 1.0000000000e+00
9.9999994040e-01 3.4770939965e-04 -4.5421464165e-05 2.1658174694e-02 -3.4769781632e-04 9.9999988079e-01 2.5423191255e-04 4.1451561265e-03 4.5509859774e-05 -2.5421608007e-04 9.9999994040e-01 1.8390109763e-02 0.0000000000e+00 0.0000000000e+00 0.0000000000e+00 1.0000000000e+00
9.9999994040e-01 7.8095668869e-05 -3.1836767448e-04 2.3082194850e-02 -7.8099641541e-05 1.0000000000e+00 -1.2460624021e-05 4.6174121089e-03 3.1836668495e-04 1.2485487787e-05 9.9999994040e-01 1.8763251603e-02 0.0000000000e+00 0.0000000000e+00 0.0000000000e+00 1.0000000000e+00
1.0000000000e+00 9.3968665169e-06 -1.0156068311e-04 1.9970269874e-02 -9.3868729891e-06 1.0000000000e+00 9.8396652902e-05 4.1637462564e-03 1.0156161443e-04 -9.8395692476e-05 1.0000000000e+00 1.6560547054e-02 0.0000000000e+00 0.0000000000e+00 0.0000000000e+00 1.0000000000e+00
9.9999976158e-01 5.3696485702e-04 -4.0787516627e-04 1.8996052444e-02 -5.3704425227e-04 9.9999982119e-01 -1.9462675846e-04 6.1669112183e-03 4.0777056711e-04 1.9484576478e-04 9.9999988079e-01 1.5891913325e-02 0.0000000000e+00 0.0000000000e+00 0.0000000000e+00 1.0000000000e+00
9.9999994040e-01 1.4685114729e-04 -2.8499792097e-04 2.2211151198e-02 -1.4683415066e-04 1.0000000000e+00 5.9684807638e-05 4.3472861871e-03 2.8500671033e-04 -5.9642956330e-05 9.9999994040e-01 1.6881830990e-02 0.0000000000e+00 0.0000000000e+00 0.0000000000e+00 1.0000000000e+00
9.9999994040e-01 2.8021121398e-04 -1.5888569760e-04 1.9629746675e-02 -2.8021435719e-04 9.9999994040e-01 -1.9807059289e-05 5.9141600505e-03 1.5888013877e-04 1.9851580873e-05 1.0000000000e+00 1.6626536846e-02 0.0000000000e+00 0.0000000000e+00 0.0000000000e+00 1.0000000000e+00
9.9999958277e-01 -3.8597101229e-04 -8.3256571088e-04 1.9048342481e-02 3.8655402022e-04 9.9999970198e-01 7.0023647277e-04 9.4810342416e-03 8.3229516167e-04 -7.0055801189e-04 9.9999940395e-01 1.4371243306e-02 0.0000000000e+00 0.0000000000e+00 0.0000000000e+00 1.0000000000e+00
9.9999988079e-01 2.2041551711e-04 -4.4455259922e-04 2.4095283821e-02 -2.2051173437e-04 9.9999994040e-01 -2.1637081227e-04 7.1003427729e-03 4.4450486894e-04 2.1646880487e-04 9.9999988079e-01 1.7963487655e-02 0.0000000000e+00 0.0000000000e+00 0.0000000000e+00 1.0000000000e+00
9.9999994040e-01 2.5708886096e-04 -1.1336321768e-04 1.9625484943e-02 -2.5708432076e-04 9.9999994040e-01 3.9927293983e-05 5.3630527109e-03 1.1337347678e-04 -3.9898146497e-05 1.0000000000e+00 1.6320148483e-02 0.0000000000e+00 0.0000000000e+00 0.0000000000e+00 1.0000000000e+00
9.9999988079e-01 -1.8221199571e-04 -4.0704701678e-04 1.8589461222e-02 1.8212584837e-04 9.9999994040e-01 -2.1169657703e-04 4.1967313737e-03 4.0708555025e-04 2.1162242047e-04 9.9999988079e-01 1.6382951289e-02 0.0000000000e+00 0.0000000000e+00 0.0000000000e+00 1.0000000000e+00
9.9999988079e-01 9.1820089438e-05 -4.1426383541e-04 2.0310772583e-02 -9.1879534011e-05 1.0000000000e+00 -1.4348134573e-04 4.4029266573e-03 4.1425068048e-04 1.4351938444e-04 9.9999988079e-01 1.6047168523e-02 0.0000000000e+00 0.0000000000e+00 0.0000000000e+00 1.0000000000e+00
9.9999994040e-01 2.2971654835e-04 -2.1361740073e-04 2.1459540352e-02 -2.2973488376e-04 9.9999994040e-01 -8.5875544755e-05 5.7608201168e-03 2.1359766833e-04 8.5924613813e-05 1.0000000000e+00 1.6966413707e-02 0.0000000000e+00 0.0000000000e+00 0.0000000000e+00 1.0000000000e+00
9.9999994040e-01 1.4162120351e-04 -2.5782047305e-04 2.3844100535e-02 -1.4164556342e-04 1.0000000000e+00 -9.4520430139e-05 7.3253256269e-03 2.5780708529e-04 9.4556940894e-05 9.9999994040e-01 1.7875559628e-02 0.0000000000e+00 0.0000000000e+00 0.0000000000e+00 1.0000000000e+00
9.9999988079e-01 3.0397842056e-04 -4.3085787911e-04 2.5519989431e-02 -3.0406887527e-04 9.9999994040e-01 -2.0984177536e-04 7.6709045097e-03 4.3079408351e-04 2.0997274260e-04 9.9999988079e-01 1.7725776881e-02 0.0000000000e+00 0.0000000000e+00 0.0000000000e+00 1.0000000000e+00
9.9999988079e-01 2.4436632521e-04 -4.3341485434e-04 2.4773277342e-02 -2.4440992274e-04 9.9999994040e-01 -1.0050069250e-04 7.4764657766e-03 4.3339029071e-04 1.0060661589e-04 9.9999988079e-01 1.7731750384e-02 0.0000000000e+00 0.0000000000e+00 0.0000000000e+00 1.0000000000e+00
9.9999982119e-01 2.6186575997e-04 -5.0947122509e-04 2.5472929701e-02 -2.6183194132e-04 9.9999994040e-01 6.6398133640e-05 7.2439839132e-03 5.0948857097e-04 -6.6264721681e-05 9.9999988079e-01 1.6389457509e-02 0.0000000000e+00 0.0000000000e+00 0.0000000000e+00 1.0000000000e+00
9.9999958277e-01 4.9075431889e-04 -7.3144992348e-04 2.5500927120e-02 -4.9051659880e-04 9.9999982119e-01 3.2516199281e-04 7.4551822618e-03 7.3160941247e-04 -3.2480308437e-04 9.9999970198e-01 2.0338727161e-02 0.0000000000e+00 0.0000000000e+00 0.0000000000e+00 1.0000000000e+00
9.9999988079e-01 3.2180926064e-04 -3.2402414945e-04 2.4849133566e-02 -3.2186077442e-04 9.9999994040e-01 -1.5899464779e-04 7.2928220034e-03 3.2397298492e-04 1.5909892682e-04 9.9999994040e-01 1.8100779504e-02 0.0000000000e+00 0.0000000000e+00 0.0000000000e+00 1.0000000000e+00
9.9999994040e-01 2.1614431171e-04 -2.2441516921e-04 2.3708395660e-02 -2.1617158200e-04 9.9999994040e-01 -1.2148044334e-04 7.0128003135e-03 2.2438891756e-04 1.2152894487e-04 9.9999994040e-01 1.7806593329e-02 0.0000000000e+00 0.0000000000e+00 0.0000000000e+00 1.0000000000e+00
9.9999988079e-01 3.2911915332e-04 -3.4765340388e-04 2.5872921571e-02 -3.2915582415e-04 9.9999994040e-01 -1.0538253264e-04 6.9094654173e-03 3.4761871211e-04 1.0549695435e-04 9.9999994040e-01 1.8445223570e-02 0.0000000000e+00 0.0000000000e+00 0.0000000000e+00 1.0000000000e+00
9.9999994040e-01 2.2355833789e-04 -3.4409077489e-04 2.6528762653e-02 -2.2365152836e-04 9.9999994040e-01 -2.7083474561e-04 7.3917205445e-03 3.4403018071e-04 2.7091169613e-04 9.9999988079e-01 1.7902225256e-02 0.0000000000e+00 0.0000000000e+00 0.0000000000e+00 1.0000000000e+00
9.9999970198e-01 4.3228198774e-04 -6.8353430834e-04 2.6978030801e-02 -4.3221859960e-04 9.9999988079e-01 9.2901056632e-05 7.9260012135e-03 6.8357435521e-04 -9.2605594546e-05 9.9999976158e-01 1.8342602998e-02 0.0000000000e+00 0.0000000000e+00 0.0000000000e+00 1.0000000000e+00
9.9999994040e-01 1.8563002232e-04 -3.5763962660e-04 2.4385198951e-02 -1.8565921346e-04 1.0000000000e+00 -8.1604724983e-05 7.7344272286e-03 3.5762449261e-04 8.1671110820e-05 9.9999994040e-01 1.7808713019e-02 0.0000000000e+00 0.0000000000e+00 0.0000000000e+00 1.0000000000e+00
9.9999994040e-01 2.4862244027e-04 -2.9240845470e-04 2.5353109464e-02 -2.4866301101e-04 9.9999994040e-01 -1.3862551714e-04 7.2754523717e-03 2.9237399576e-04 1.3869821851e-04 9.9999994040e-01 1.8160888925e-02 0.0000000000e+00 0.0000000000e+00 0.0000000000e+00 1.0000000000e+00
9.9999988079e-01 2.7049687924e-04 -3.2506429125e-04 2.4533741176e-02 -2.7051981306e-04 9.9999994040e-01 -7.0549867814e-05 7.2116474621e-03 3.2504519913e-04 7.0637805038e-05 9.9999994040e-01 1.7720034346e-02 0.0000000000e+00 0.0000000000e+00 0.0000000000e+00 1.0000000000e+00
9.9999976158e-01 -5.0724565517e-04 4.4230837375e-04 2.5714373216e-02 5.0760025624e-04 9.9999952316e-01 -8.0209254520e-04 5.1478426903e-03 -4.4190132758e-04 8.0231687753e-04 9.9999958277e-01 1.9279180095e-02 0.0000000000e+00 0.0000000000e+00 0.0000000000e+00 1.0000000000e+00
9.9999982119e-01 3.1234300695e-04 -5.2521016914e-04 2.5243805721e-02 -3.1225028215e-04 9.9999994040e-01 1.7665953783e-04 6.4380811527e-03 5.2526535001e-04 -1.7649550864e-04 9.9999982119e-01 1.7496474087e-02 0.0000000000e+00 0.0000000000e+00 0.0000000000e+00 1.0000000000e+00
9.9999988079e-01 2.2879049357e-04 -4.4296096894e-04 2.7637396008e-02 -2.2876255389e-04 1.0000000000e+00 6.3122250140e-05 5.2568684332e-03 4.4297540444e-04 -6.3020910602e-05 9.9999988079e-01 1.8859686330e-02 0.0000000000e+00 0.0000000000e+00 0.0000000000e+00 1.0000000000e+00
9.9999988079e-01 2.2791438096e-04 -3.8869027048e-04 2.5968370959e-02 -2.2792596428e-04 1.0000000000e+00 -2.9744971471e-05 9.4522451982e-03 3.8868346019e-04 2.9833559893e-05 9.9999994040e-01 1.8605383113e-02 0.0000000000e+00 0.0000000000e+00 0.0000000000e+00 1.0000000000e+00
9.9999988079e-01 2.5343749439e-04 -3.8423947990e-04 2.7318045497e-02 -2.5347847259e-04 9.9999994040e-01 -1.0663830471e-04 7.7794701792e-03 3.8421241334e-04 1.0673568613e-04 9.9999994040e-01 1.8685547635e-02 0.0000000000e+00 0.0000000000e+00 0.0000000000e+00 1.0000000000e+00
9.9999916553e-01 -5.2043230971e-04 -1.1794533348e-03 2.6667719707e-02 5.2115897415e-04 9.9999970198e-01 6.1586144147e-04 8.1066945568e-03 1.1791324941e-03 -6.1647564871e-04 9.9999910593e-01 1.6765711829e-02 0.0000000000e+00 0.0000000000e+00 0.0000000000e+00 1.0000000000e+00
9.9999994040e-01 1.5404156875e-04 -2.4604407372e-04 3.0604947358e-02 -1.5411511413e-04 9.9999994040e-01 -2.9886577977e-04 5.1286490634e-03 2.4599803146e-04 2.9890367296e-04 9.9999994040e-01 1.8231039867e-02 0.0000000000e+00 0.0000000000e+00 0.0000000000e+00 1.0000000000e+00
9.9999988079e-01 2.3641120060e-04 -4.5957000111e-04 2.6248805225e-02 -2.3642479209e-04 1.0000000000e+00 -2.9547705708e-05 7.9624429345e-03 4.5956301619e-04 2.9656353945e-05 9.9999988079e-01 1.8200945109e-02 0.0000000000e+00 0.0000000000e+00 0.0000000000e+00 1.0000000000e+00
9.9999988079e-01 2.1922410815e-04 -4.5484729344e-04 2.6266392320e-02 -2.1922879387e-04 1.0000000000e+00 -1.0264159755e-05 8.4104631096e-03 4.5484502334e-04 1.0363874935e-05 9.9999988079e-01 1.8799025565e-02 0.0000000000e+00 0.0000000000e+00 0.0000000000e+00 1.0000000000e+00
9.9999982119e-01 2.9683514731e-04 -5.1324401284e-04 2.7225945145e-02 -2.9679917498e-04 9.9999994040e-01 7.0178895839e-05 7.6939021237e-03 5.1326485118e-04 -7.0026551839e-05 9.9999988079e-01 1.8897626549e-02 0.0000000000e+00 0.0000000000e+00 0.0000000000e+00 1.0000000000e+00
9.9999994040e-01 2.2542264196e-04 -3.2340039616e-04 2.6249131188e-02 -2.2546626860e-04 9.9999994040e-01 -1.3487649267e-04 7.7170715667e-03 3.2336995355e-04 1.3494939776e-04 9.9999994040e-01 1.8905987963e-02 0.0000000000e+00 0.0000000000e+00 0.0000000000e+00 1.0000000000e+00
9.9999994040e-01 2.3341807537e-04 -3.5030770232e-04 2.7869457379e-02 -2.3343687644e-04 1.0000000000e+00 -5.3636878874e-05 7.4397558346e-03 3.5029518767e-04 5.3718646086e-05 9.9999994040e-01 1.9988993183e-02 0.0000000000e+00 0.0000000000e+00 0.0000000000e+00 1.0000000000e+00
9.9999976158e-01 -6.2266445866e-07 -7.0860562846e-04 2.8446981683e-02 4.5427265150e-07 1.0000000000e+00 -2.3763842182e-04 6.7429197952e-03 7.0860574488e-04 2.3763804347e-04 9.9999970198e-01 2.1959038451e-02 0.0000000000e+00 0.0000000000e+00 0.0000000000e+00 1.0000000000e+00
9.9999988079e-01 1.1229013035e-04 -4.1996716755e-04 2.7337893844e-02 -1.1234045087e-04 1.0000000000e+00 -1.1981454736e-04 7.1595571935e-03 4.1995372158e-04 1.1986171012e-04 9.9999988079e-01 1.9167659804e-02 0.0000000000e+00 0.0000000000e+00 0.0000000000e+00 1.0000000000e+00
9.9999994040e-01 2.0979491819e-04 -3.2852738514e-04 2.6955373585e-02 -2.0982032584e-04 1.0000000000e+00 -7.7302625868e-05 7.7198306099e-03 3.2851114520e-04 7.7371558291e-05 9.9999994040e-01 1.9167261198e-02 0.0000000000e+00 0.0000000000e+00 0.0000000000e+00 1.0000000000e+00
9.9999970198e-01 5.2979274187e-04 -5.3607579321e-04 2.7801388875e-02 -5.2982021589e-04 9.9999988079e-01 -5.1016078942e-05 6.8985288963e-03 5.3604866844e-04 5.1300088671e-05 9.9999988079e-01 1.8936576322e-02 0.0000000000e+00 0.0000000000e+00 0.0000000000e+00 1.0000000000e+00
9.9999982119e-01 2.0883859543e-04 -5.9357564896e-04 2.8135143220e-02 -2.0897695504e-04 9.9999994040e-01 -2.3303423950e-04 6.6194729879e-03 5.9352698736e-04 2.3315825092e-04 9.9999982119e-01 2.0282007754e-02 0.0000000000e+00 0.0000000000e+00 0.0000000000e+00 1.0000000000e+00
9.9999994040e-01 1.5926054039e-04 -3.8329654490e-04 2.6287710294e-02 -1.5932611132e-04 1.0000000000e+00 -1.7108046450e-04 8.0573819578e-03 3.8326930371e-04 1.7114152433e-04 9.9999994040e-01 1.9532572478e-02 0.0000000000e+00 0.0000000000e+00 0.0000000000e+00 1.0000000000e+00
9.9999988079e-01 2.4840791593e-04 -3.8459070493e-04 2.6707617566e-02 -2.4844831205e-04 9.9999994040e-01 -1.0496316827e-04 8.3338925615e-03 3.8456462789e-04 1.0505870159e-04 9.9999994040e-01 2.1020401269e-02 0.0000000000e+00 0.0000000000e+00 0.0000000000e+00 1.0000000000e+00
9.9999970198e-01 5.5101688486e-04 -5.9251574567e-04 2.6535822079e-02 -5.5100664031e-04 9.9999982119e-01 1.7384689272e-05 6.8909903057e-03 5.9252529172e-04 -1.7058202502e-05 9.9999982119e-01 1.8996777013e-02 0.0000000000e+00 0.0000000000e+00 0.0000000000e+00 1.0000000000e+00
9.9999976158e-01 5.8678025380e-04 -3.9447212475e-04 2.7032917365e-02 -5.8693997562e-04 9.9999976158e-01 -4.0491155232e-04 7.6862741262e-03 3.9423440467e-04 4.0514298598e-04 9.9999982119e-01 2.0668366924e-02 0.0000000000e+00 0.0000000000e+00 0.0000000000e+00 1.0000000000e+00
9.9999982119e-01 3.6255741725e-04 -4.7841874766e-04 2.5021435693e-02 -3.6259909393e-04 9.9999994040e-01 -8.7075932242e-05 6.5915882587e-03 4.7838714090e-04 8.7249391072e-05 9.9999988079e-01 1.8938498572e-02 0.0000000000e+00 0.0000000000e+00 0.0000000000e+00 1.0000000000e+00
9.9999988079e-01 4.5737254550e-04 -1.2100193999e-04 2.5971451774e-02 -4.5740514179e-04 9.9999988079e-01 -2.6948738378e-04 5.3065954708e-03 1.2087867071e-04 2.6954268105e-04 9.9999994040e-01 1.9679505378e-02 0.0000000000e+00 0.0000000000e+00 0.0000000000e+00 1.0000000000e+00
9.9999994040e-01 1.3094331371e-04 -3.9332048618e-04 2.6181912050e-02 -1.3100626529e-04 1.0000000000e+00 -1.6003898054e-04 6.2654446810e-03 3.9329953142e-04 1.6009049432e-04 9.9999988079e-01 2.1203761920e-02 0.0000000000e+00 0.0000000000e+00 0.0000000000e+00 1.0000000000e+00
9.9999988079e-01 9.8097691080e-05 -4.5051285997e-04 2.4260243401e-02 -9.8137912573e-05 1.0000000000e+00 -8.9265238785e-05 7.1286568418e-03 4.5050407061e-04 8.9309447503e-05 9.9999988079e-01 1.9694918767e-02 0.0000000000e+00 0.0000000000e+00 0.0000000000e+00 1.0000000000e+00
9.9999988079e-01 4.3326496962e-04 -8.2748279965e-05 2.4828990921e-02 -4.3329826440e-04 9.9999982119e-01 -4.0267134318e-04 6.9591249339e-03 8.2573802501e-05 4.0270714089e-04 9.9999994040e-01 1.8460752442e-02 0.0000000000e+00 0.0000000000e+00 0.0000000000e+00 1.0000000000e+00
9.9999988079e-01 2.0690142992e-04 -3.7598097697e-04 2.5145977736e-02 -2.0694380510e-04 1.0000000000e+00 -1.1264991917e-04 7.0426971652e-03 3.7595763570e-04 1.1272771371e-04 9.9999994040e-01 1.9220426679e-02 0.0000000000e+00 0.0000000000e+00 0.0000000000e+00 1.0000000000e+00
9.9999994040e-01 3.3801727113e-04 -1.9364341279e-04 2.7993142605e-02 -3.3807745785e-04 9.9999988079e-01 -3.1079325709e-04 6.7449295893e-03 1.9353834796e-04 3.1085868250e-04 9.9999994040e-01 1.9353592768e-02 0.0000000000e+00 0.0000000000e+00 0.0000000000e+00 1.0000000000e+00
9.9999988079e-01 2.4158366432e-04 -3.7453617551e-04 2.6964167133e-02 -2.4163474154e-04 9.9999994040e-01 -1.3632075570e-04 8.0713117495e-03 3.7450322998e-04 1.3641123951e-04 9.9999994040e-01 1.8934756517e-02 0.0000000000e+00 0.0000000000e+00 0.0000000000e+00 1.0000000000e+00
9.9999988079e-01 4.3572156574e-04 -1.2818613322e-04 2.8486788273e-02 -4.3577063479e-04 9.9999982119e-01 -3.8300926099e-04 8.0115590245e-03 1.2801922276e-04 3.8306508213e-04 9.9999994040e-01 1.8371529877e-02 0.0000000000e+00 0.0000000000e+00 0.0000000000e+00 1.0000000000e+00
9.9999988079e-01 2.3226032499e-04 -3.5632331856e-04 2.8117295355e-02 -2.3229440558e-04 9.9999994040e-01 -9.5618474006e-05 7.4386894703e-03 3.5630108323e-04 9.5701230748e-05 9.9999994040e-01 1.9356073812e-02 0.0000000000e+00 0.0000000000e+00 0.0000000000e+00 1.0000000000e+00
9.9999994040e-01 1.8188112881e-04 -3.0459158006e-04 2.8005272150e-02 -1.8192251446e-04 1.0000000000e+00 -1.3588179718e-04 7.6899598353e-03 3.0456684181e-04 1.3593721087e-04 9.9999994040e-01 1.8973661587e-02 0.0000000000e+00 0.0000000000e+00 0.0000000000e+00 1.0000000000e+00
9.9999994040e-01 1.2415289530e-04 -3.6719700438e-04 2.8678672388e-02 -1.2418779079e-04 1.0000000000e+00 -9.5032613899e-05 7.3933205567e-03 3.6718518822e-04 9.5078205050e-05 9.9999994040e-01 2.0408140495e-02 0.0000000000e+00 0.0000000000e+00 0.0000000000e+00 1.0000000000e+00
9.9999976158e-01 4.4817809248e-04 -5.2364001749e-04 3.0398529023e-02 -4.4820603216e-04 9.9999988079e-01 -5.3225325246e-05 7.2334255092e-03 5.2361615235e-04 5.3460011259e-05 9.9999988079e-01 1.9554285333e-02 0.0000000000e+00 0.0000000000e+00 0.0000000000e+00 1.0000000000e+00
9.9999982119e-01 1.4361320063e-04 -6.1868911143e-04 3.0161255971e-02 -1.4380889479e-04 9.9999994040e-01 -3.1624894473e-04 6.9472119212e-03 6.1864370946e-04 3.1633782783e-04 9.9999976158e-01 2.0807027817e-02 0.0000000000e+00 0.0000000000e+00 0.0000000000e+00 1.0000000000e+00
9.9999988079e-01 1.2417438847e-04 -4.4690229697e-04 2.6448557153e-02 -1.2423958106e-04 1.0000000000e+00 -1.4584910241e-04 6.9411559962e-03 4.4688419439e-04 1.4590460341e-04 9.9999988079e-01 1.8937157467e-02 0.0000000000e+00 0.0000000000e+00 0.0000000000e+00 1.0000000000e+00
9.9999982119e-01 3.5956615466e-04 -5.1975890528e-04 2.8549620882e-02 -3.5972808837e-04 9.9999988079e-01 -3.1154809403e-04 6.0257138684e-03 5.1964679733e-04 3.1173499883e-04 9.9999982119e-01 2.1073091775e-02 0.0000000000e+00 0.0000000000e+00 0.0000000000e+00 1.0000000000e+00
9.9999988079e-01 1.4777448087e-04 -4.6194996685e-04 2.9548812658e-02 -1.4789834677e-04 9.9999994040e-01 -2.6810556301e-04 5.9468299150e-03 4.6191032743e-04 2.6817384060e-04 9.9999988079e-01 2.0905397832e-02 0.0000000000e+00 0.0000000000e+00 0.0000000000e+00 1.0000000000e+00
9.9999988079e-01 2.3926944414e-04 -4.2511455831e-04 2.6762608439e-02 -2.3932095792e-04 9.9999994040e-01 -1.2110397802e-04 7.3496918194e-03 4.2508557090e-04 1.2120569590e-04 9.9999988079e-01 1.9454002380e-02 0.0000000000e+00 0.0000000000e+00 0.0000000000e+00 1.0000000000e+00
9.9999994040e-01 1.5506833734e-04 -3.3892784268e-04 2.7183784172e-02 -1.5511935635e-04 1.0000000000e+00 -1.5050273214e-04 7.0317070931e-03 3.3890450140e-04 1.5055529366e-04 9.9999994040e-01 1.9014628604e-02 0.0000000000e+00 0.0000000000e+00 0.0000000000e+00 1.0000000000e+00
9.9999994040e-01 1.8098096189e-04 -3.4803108429e-04 2.7132825926e-02 -1.8102243484e-04 1.0000000000e+00 -1.1916118819e-04 7.2864843532e-03 3.4800948924e-04 1.1922418344e-04 9.9999994040e-01 1.8914125860e-02 0.0000000000e+00 0.0000000000e+00 0.0000000000e+00 1.0000000000e+00
9.9999988079e-01 1.7547098105e-04 -3.8818299072e-04 2.8129117563e-02 -1.7551190103e-04 1.0000000000e+00 -1.0539535288e-04 7.1123456582e-03 3.8816448068e-04 1.0546347039e-04 9.9999994040e-01 2.0172985271e-02 0.0000000000e+00 0.0000000000e+00 0.0000000000e+00 1.0000000000e+00
9.9999982119e-01 3.5751031828e-04 -5.0221703714e-04 2.7332354337e-02 -3.5756206489e-04 9.9999994040e-01 -1.0289503552e-04 6.6505535506e-03 5.0218024990e-04 1.0307459161e-04 9.9999988079e-01 1.9550040364e-02 0.0000000000e+00 0.0000000000e+00 0.0000000000e+00 1.0000000000e+00
9.9999976158e-01 3.4415436676e-04 -6.3351844437e-04 2.8197756037e-02 -3.4430221422e-04 9.9999994040e-01 -2.3324800713e-04 6.3682054169e-03 6.3343811780e-04 2.3346608214e-04 9.9999976158e-01 2.0473023877e-02 0.0000000000e+00 0.0000000000e+00 0.0000000000e+00 1.0000000000e+00
9.9999982119e-01 2.9233132955e-04 -5.1808258286e-04 2.8791977093e-02 -2.9237981653e-04 9.9999994040e-01 -9.3537717476e-05 6.7608049139e-03 5.1805522526e-04 9.3689173809e-05 9.9999988079e-01 1.9282074645e-02 0.0000000000e+00 0.0000000000e+00 0.0000000000e+00 1.0000000000e+00
9.9999982119e-01 2.6130216429e-04 -5.6622276315e-04 2.9468283057e-02 -2.6134611107e-04 9.9999994040e-01 -7.7588665590e-05 6.9089089520e-03 5.6620250689e-04 7.7736629464e-05 9.9999982119e-01 1.9688019529e-02 0.0000000000e+00 0.0000000000e+00 0.0000000000e+00 1.0000000000e+00
9.9999982119e-01 3.4639966907e-04 -4.4049508870e-04 2.9964100569e-02 -3.4649058944e-04 9.9999994040e-01 -2.0638285787e-04 7.0069343783e-03 4.4042355148e-04 2.0653544925e-04 9.9999988079e-01 1.9469689578e-02 0.0000000000e+00 0.0000000000e+00 0.0000000000e+00 1.0000000000e+00
9.9999982119e-01 3.7837278796e-04 -4.6132266289e-04 2.9252503067e-02 -3.7843262544e-04 9.9999994040e-01 -1.2965139467e-04 6.7547657527e-03 4.6127359383e-04 1.2982595945e-04 9.9999988079e-01 1.8609656021e-02 0.0000000000e+00 0.0000000000e+00 0.0000000000e+00 1.0000000000e+00
9.9999988079e-01 1.9760770374e-04 -3.7469205563e-04 2.9380872846e-02 -1.9764670287e-04 1.0000000000e+00 -1.0407738591e-04 7.3033277877e-03 3.7467150833e-04 1.0415142606e-04 9.9999994040e-01 1.9141776487e-02 0.0000000000e+00 0.0000000000e+00 0.0000000000e+00 1.0000000000e+00
9.9999994040e-01 3.0613309355e-04 -2.6201180299e-04 3.1135758385e-02 -3.0615305877e-04 9.9999994040e-01 -7.6258031186e-05 5.3309109062e-03 2.6198846172e-04 7.6338241342e-05 9.9999994040e-01 1.9626701251e-02 0.0000000000e+00 0.0000000000e+00 0.0000000000e+00 1.0000000000e+00
9.9999988079e-01 4.2032933561e-04 -1.9472427084e-04 3.2804317772e-02 -4.2039627442e-04 9.9999988079e-01 -3.4392517409e-04 3.1489783432e-03 1.9457968301e-04 3.4400701406e-04 9.9999994040e-01 1.9735826179e-02 0.0000000000e+00 0.0000000000e+00 0.0000000000e+00 1.0000000000e+00
9.9999988079e-01 3.1949114054e-04 -3.8056730409e-04 3.1356282532e-02 -3.1954364385e-04 9.9999994040e-01 -1.3791216770e-04 6.9439099170e-03 3.8052324089e-04 1.3803376351e-04 9.9999994040e-01 2.0067119971e-02 0.0000000000e+00 0.0000000000e+00 0.0000000000e+00 1.0000000000e+00
9.9999988079e-01 2.4698817288e-04 -3.8269651122e-04 3.2123051584e-02 -2.4705348187e-04 9.9999994040e-01 -1.7055806529e-04 5.6643239222e-03 3.8265436888e-04 1.7065259453e-04 9.9999994040e-01 1.9443508238e-02 0.0000000000e+00 0.0000000000e+00 0.0000000000e+00 1.0000000000e+00
9.9999988079e-01 1.4756414748e-04 -4.4067297131e-04 3.2746475190e-02 -1.4765404921e-04 9.9999994040e-01 -2.0395900356e-04 5.8289295994e-03 4.4064287795e-04 2.0402405062e-04 9.9999988079e-01 2.1186742932e-02 0.0000000000e+00 0.0000000000e+00 0.0000000000e+00 1.0000000000e+00
9.9999988079e-01 2.7340158704e-04 -4.3016127893e-04 3.1069628894e-02 -2.7347399737e-04 9.9999994040e-01 -1.6828243679e-04 6.5876818262e-03 4.3011523667e-04 1.6840004537e-04 9.9999988079e-01 1.9257467240e-02 0.0000000000e+00 0.0000000000e+00 0.0000000000e+00 1.0000000000e+00
9.9999976158e-01 2.1641110652e-04 -6.3183810562e-04 3.3187117428e-02 -2.1650543204e-04 9.9999994040e-01 -1.4923802519e-04 4.8479670659e-03 6.3180574216e-04 1.4937478409e-04 9.9999976158e-01 2.0471438766e-02 0.0000000000e+00 0.0000000000e+00 0.0000000000e+00 1.0000000000e+00
9.9999988079e-01 2.2051956330e-04 -3.9899762487e-04 3.2521724701e-02 -2.2055055888e-04 1.0000000000e+00 -7.7617281931e-05 6.2859063037e-03 3.9898051182e-04 7.7705277363e-05 9.9999994040e-01 2.0270420238e-02 0.0000000000e+00 0.0000000000e+00 0.0000000000e+00 1.0000000000e+00
9.9999982119e-01 2.4001132988e-04 -4.9277942162e-04 3.1201053411e-02 -2.4009392655e-04 9.9999994040e-01 -1.6757777485e-04 5.6874961592e-03 4.9273914192e-04 1.6769605281e-04 9.9999988079e-01 1.9215783104e-02 0.0000000000e+00 0.0000000000e+00 0.0000000000e+00 1.0000000000e+00
9.9999988079e-01 2.2130973230e-04 -4.5321506332e-04 3.1043659896e-02 -2.2137309134e-04 9.9999994040e-01 -1.3974857575e-04 6.1862254515e-03 4.5318409684e-04 1.3984889665e-04 9.9999988079e-01 1.9436944276e-02 0.0000000000e+00 0.0000000000e+00 0.0000000000e+00 1.0000000000e+00
9.9999988079e-01 7.4850911915e-05 -5.1843054825e-04 2.9618941247e-02 -7.4850169767e-05 1.0000000000e+00 1.4613962094e-06 7.1146530099e-03 5.1843066467e-04 -1.4225914811e-06 9.9999988079e-01 1.9233426079e-02 0.0000000000e+00 0.0000000000e+00 0.0000000000e+00 1.0000000000e+00
9.9999982119e-01 2.7399539249e-04 -4.8828311265e-04 2.8602020815e-02 -2.7405214496e-04 9.9999994040e-01 -1.1621572048e-04 7.1734124795e-03 4.8825127305e-04 1.1634951079e-04 9.9999988079e-01 1.9811382517e-02 0.0000000000e+00 0.0000000000e+00 0.0000000000e+00 1.0000000000e+00
9.9999988079e-01 -3.2676904812e-04 3.4166715341e-04 2.9585100710e-02 3.2657568227e-04 9.9999976158e-01 5.6582229445e-04 9.2321718112e-03 -3.4185196273e-04 -5.6571065215e-04 9.9999976158e-01 1.8389338627e-02 0.0000000000e+00 0.0000000000e+00 0.0000000000e+00 1.0000000000e+00
9.9999970198e-01 4.2637123261e-04 -6.0644134646e-04 2.9579732567e-02 -4.2642274639e-04 9.9999988079e-01 -8.4802661149e-05 6.6906041466e-03 6.0640514130e-04 8.5061234131e-05 9.9999982119e-01 1.9563695416e-02 0.0000000000e+00 0.0000000000e+00 0.0000000000e+00 1.0000000000e+00
9.9999988079e-01 2.5819501025e-04 -4.6805985039e-04 2.8858045116e-02 -2.5826317142e-04 9.9999994040e-01 -1.4555687085e-04 7.1494230069e-03 4.6802224824e-04 1.4567773906e-04 9.9999988079e-01 2.0076353103e-02 0.0000000000e+00 0.0000000000e+00 0.0000000000e+00 1.0000000000e+00
9.9999994040e-01 5.2246294217e-05 -4.0832246304e-04 3.0114669353e-02 -5.2326337027e-05 1.0000000000e+00 -1.9601359963e-04 6.6060838290e-03 4.0831221850e-04 1.9603496185e-04 9.9999988079e-01 1.9271638244e-02 0.0000000000e+00 0.0000000000e+00 0.0000000000e+00 1.0000000000e+00
9.9999994040e-01 1.4486101281e-04 -3.1101916102e-04 3.1648162752e-02 -1.4490839385e-04 1.0000000000e+00 -1.5233061276e-04 6.2944572419e-03 3.1099710031e-04 1.5237566549e-04 9.9999994040e-01 1.9651949406e-02 0.0000000000e+00 0.0000000000e+00 0.0000000000e+00 1.0000000000e+00
9.9999988079e-01 2.3558051907e-04 -3.6167315557e-04 2.8644658625e-02 -2.3561075795e-04 9.9999994040e-01 -8.3540704509e-05 7.1319732815e-03 3.6165348138e-04 8.3625905972e-05 9.9999994040e-01 1.9051076844e-02 0.0000000000e+00 0.0000000000e+00 0.0000000000e+00 1.0000000000e+00
9.9999982119e-01 4.3777015526e-04 -3.4888449591e-04 2.9611781240e-02 -4.3781433487e-04 9.9999988079e-01 -1.2650775898e-04 6.7588924430e-03 3.4882908221e-04 1.2666049588e-04 9.9999994040e-01 2.0513765514e-02 0.0000000000e+00 0.0000000000e+00 0.0000000000e+00 1.0000000000e+00
9.9999988079e-01 1.4583810116e-04 -5.0985877169e-04 2.8759464622e-02 -1.4591761283e-04 1.0000000000e+00 -1.5590811381e-04 6.1706542037e-03 5.0983607071e-04 1.5598250320e-04 9.9999988079e-01 2.0434351638e-02 0.0000000000e+00 0.0000000000e+00 0.0000000000e+00 1.0000000000e+00
9.9999964237e-01 6.4246973488e-04 -5.2914052503e-04 2.9264394194e-02 -6.4247671980e-04 9.9999982119e-01 -1.2961402717e-05 6.6132489592e-03 5.2913214313e-04 1.3301359104e-05 9.9999988079e-01 1.9563477486e-02 0.0000000000e+00 0.0000000000e+00 0.0000000000e+00 1.0000000000e+00
9.9998664856e-01 -2.8492056299e-03 4.3115392327e-03 6.5498493612e-02 2.9602914583e-03 9.9965804815e-01 -2.5981564075e-02 -3.9379861206e-02 -4.2360378429e-03 2.5993980467e-02 9.9965310097e-01 -1.4612932689e-02 0.0000000000e+00 0.0000000000e+00 0.0000000000e+00 1.0000000000e+00
9.9993014336e-01 -1.0282011935e-03 1.1774804443e-02 5.4855205119e-02 1.7143996665e-03 9.9829083681e-01 -5.8415926993e-02 -4.5234270394e-02 -1.1694615707e-02 5.8432035148e-02 9.9822288752e-01 -7.3592811823e-02 0.0000000000e+00 0.0000000000e+00 0.0000000000e+00 1.0000000000e+00
9.9987566471e-01 8.0315803643e-05 1.5769053251e-02 2.5501480326e-02 1.1008819565e-03 9.9719172716e-01 -7.4883088470e-02 9.2457765713e-03 -1.5730783343e-02 7.4891135097e-02 9.9706763029e-01 -1.1042770743e-01 0.0000000000e+00 0.0000000000e+00 0.0000000000e+00 1.0000000000e+00
9.9985760450e-01 6.0753989965e-04 1.6864998266e-02 1.6767336056e-02 8.2748045679e-04 9.9638473988e-01 -8.4951460361e-02 9.7878120840e-02 -1.6855636612e-02 8.4953323007e-02 9.9624234438e-01 -1.2364952266e-01 0.0000000000e+00 0.0000000000e+00 0.0000000000e+00 1.0000000000e+00
9.9984902143e-01 1.6521271318e-03 1.7296839505e-02 3.5943356343e-03 -1.1079251999e-04 9.9605524540e-01 -8.8734962046e-02 1.7305497825e-01 -1.7375208437e-02 8.8719643652e-02 9.9590510130e-01 -1.2532749772e-01 0.0000000000e+00 0.0000000000e+00 0.0000000000e+00 1.0000000000e+00
9.9985021353e-01 2.9876716435e-03 1.7046906054e-02 -5.3855213337e-03 -1.5002732398e-03 9.9624139071e-01 -8.6607702076e-02 2.0701748133e-01 -1.7241589725e-02 8.6569152772e-02 9.9609661102e-01 -1.1701118201e-01 0.0000000000e+00 0.0000000000e+00 0.0000000000e+00 1.0000000000e+00
9.9986958504e-01 2.4983668700e-03 1.5954665840e-02 -5.7273684070e-03 -1.1964552104e-03 9.9670571089e-01 -8.1094600260e-02 2.0256198943e-01 -1.6104709357e-02 8.1064932048e-02 9.9657869339e-01 -1.0805288702e-01 0.0000000000e+00 0.0000000000e+00 0.0000000000e+00 1.0000000000e+00
9.9988812208e-01 2.0424271934e-03 1.4817958698e-02 -9.3171307817e-03 -9.0693903621e-04 9.9708950520e-01 -7.6234862208e-02 2.1188303828e-01 -1.4930535108e-02 7.6212897897e-02 9.9697977304e-01 -1.0002741218e-01 0.0000000000e+00 0.0000000000e+00 0.0000000000e+00 1.0000000000e+00
9.9989849329e-01 2.0707610529e-03 1.4095854014e-02 -1.1737649329e-02 -1.0665906593e-03 9.9748450518e-01 -7.0876836777e-02 2.2997705638e-01 -1.4207165688e-02 7.0854604244e-02 9.9738550186e-01 -9.1010622680e-02 0.0000000000e+00 0.0000000000e+00 0.0000000000e+00 1.0000000000e+00
9.9991405010e-01 2.0911942702e-03 1.2942911126e-02 -1.8840368837e-02 -1.2338472297e-03 9.9782562256e-01 -6.5897546709e-02 2.5559881330e-01 -1.3052572496e-02 6.5875910223e-02 9.9774247408e-01 -8.3212517202e-02 0.0000000000e+00 0.0000000000e+00 0.0000000000e+00 1.0000000000e+00
9.9992853403e-01 2.0046690479e-03 1.1787255295e-02 -2.5832666084e-02 -1.2828977779e-03 9.9814152718e-01 -6.0924898833e-02 2.8344574571e-01 -1.1887482367e-02 6.0905423015e-02 9.9807274342e-01 -7.4720591307e-02 0.0000000000e+00 0.0000000000e+00 0.0000000000e+00 1.0000000000e+00
9.9993968010e-01 1.9436822040e-03 1.0812112130e-02 -3.2749708742e-02 -1.3352037640e-03 9.9842971563e-01 -5.6002642959e-02 3.1430613995e-01 -1.0903985240e-02 5.5984828621e-02 9.9837207794e-01 -6.7133590579e-02 0.0000000000e+00 0.0000000000e+00 0.0000000000e+00 1.0000000000e+00
9.9994754791e-01 1.5011834912e-03 1.0133271106e-02 -4.0066417307e-02 -9.8356232047e-04 9.9870353937e-01 -5.0894375890e-02 3.5138919950e-01 -1.0196535848e-02 5.0881739706e-02 9.9865263700e-01 -6.1068706214e-02 0.0000000000e+00 0.0000000000e+00 0.0000000000e+00 1.0000000000e+00
9.9995750189e-01 1.4199228026e-03 9.1068996117e-03 -4.9735706300e-02 -9.9229672924e-04 9.9890422821e-01 -4.6790059656e-02 3.8858532906e-01 -9.1633582488e-03 4.6779032797e-02 9.9886322021e-01 -5.4237280041e-02 0.0000000000e+00 0.0000000000e+00 0.0000000000e+00 1.0000000000e+00
9.9996310472e-01 1.3307958143e-03 8.4877749905e-03 -5.7102341205e-02 -9.6458883490e-04 9.9907439947e-01 -4.3004304171e-02 4.2531079054e-01 -8.5371481255e-03 4.2994529009e-02 9.9903881550e-01 -4.8914078623e-02 0.0000000000e+00 0.0000000000e+00 0.0000000000e+00 1.0000000000e+00
9.9996846914e-01 1.1380501091e-03 7.8626656905e-03 -6.4457163215e-02 -8.2669337280e-04 9.9921965599e-01 -3.9489749819e-02 4.6468004584e-01 -7.9014720395e-03 3.9482001215e-02 9.9918901920e-01 -4.4513653964e-02 0.0000000000e+00 0.0000000000e+00 0.0000000000e+00 1.0000000000e+00
9.9997437000e-01 9.0490438743e-04 7.1000722237e-03 -7.3019646108e-02 -6.4950383967e-04 9.9935549498e-01 -3.5891741514e-02 5.0720512867e-01 -7.1279746480e-03 3.5886213183e-02 9.9933046103e-01 -3.9863374084e-02 0.0000000000e+00 0.0000000000e+00 0.0000000000e+00 1.0000000000e+00
9.9998050928e-01 9.9255016539e-04 6.1675552279e-03 -8.2499802113e-02 -7.9249637201e-04 9.9947613478e-01 -3.2354686409e-02 5.5660480261e-01 -6.1964383349e-03 3.2349165529e-02 9.9945741892e-01 -3.5596471280e-02 0.0000000000e+00 0.0000000000e+00 0.0000000000e+00 1.0000000000e+00
9.9998259544e-01 7.9627061496e-04 5.8449609205e-03 -9.0918168426e-02 -6.2148022698e-04 9.9955433607e-01 -2.9845591635e-02 6.0308444500e-01 -5.8661215007e-03 2.9841441661e-02 9.9953740835e-01 -3.3555902541e-02 0.0000000000e+00 0.0000000000e+00 0.0000000000e+00 1.0000000000e+00
9.9998629093e-01 4.9158820184e-04 5.2099563181e-03 -1.0198153555e-01 -3.5087508149e-04 9.9963605404e-01 -2.6975091547e-02 6.5179806948e-01 -5.2213203162e-03 2.6972893625e-02 9.9962252378e-01 -3.0578369275e-02 0.0000000000e+00 0.0000000000e+00 0.0000000000e+00 1.0000000000e+00
9.9998861551e-01 6.8942911457e-04 4.7255349346e-03 -1.1069266498e-01 -5.7408155408e-04 9.9970293045e-01 -2.4367474020e-02 7.0328515768e-01 -4.7409306280e-03 2.4364482611e-02 9.9969190359e-01 -2.8138160706e-02 0.0000000000e+00 0.0000000000e+00 0.0000000000e+00 1.0000000000e+00
9.9999147654e-01 4.6554461005e-04 4.1078221984e-03 -1.1908750981e-01 -3.7435520790e-04 9.9975413084e-01 -2.2171871737e-02 7.4910604954e-01 -4.1171344928e-03 2.2170143202e-02 9.9974572659e-01 -2.5858838111e-02 0.0000000000e+00 0.0000000000e+00 0.0000000000e+00 1.0000000000e+00
9.9999308586e-01 1.4683573681e-04 3.7084112410e-03 -1.2890797853e-01 -7.3377057561e-05 9.9980396032e-01 -1.9801039249e-02 7.9961168766e-01 -3.7105914671e-03 1.9800629467e-02 9.9979704618e-01 -2.3349845782e-02 0.0000000000e+00 0.0000000000e+00 0.0000000000e+00 1.0000000000e+00
9.9999481440e-01 5.7644280605e-04 3.1651714817e-03 -1.4028872550e-01 -5.1851756871e-04 9.9983292818e-01 -1.8271258101e-02 8.5366493464e-01 -3.1751748174e-03 1.8269522116e-02 9.9982804060e-01 -2.1394724026e-02 0.0000000000e+00 0.0000000000e+00 0.0000000000e+00 1.0000000000e+00
9.9999511242e-01 6.0574256349e-04 3.0625273939e-03 -1.5381449461e-01 -5.5485556368e-04 9.9986225367e-01 -1.6589639708e-02 9.1250330210e-01 -3.0721544754e-03 1.6587859020e-02 9.9985766411e-01 -2.2072613239e-02 0.0000000000e+00 0.0000000000e+00 0.0000000000e+00 1.0000000000e+00
9.9999588728e-01 3.8438907359e-04 2.8459802270e-03 -1.6479642689e-01 -3.4168141428e-04 9.9988758564e-01 -1.4991614968e-02 9.6885752678e-01 -2.8514228761e-03 1.4990581200e-02 9.9988359213e-01 -2.1848548204e-02 0.0000000000e+00 0.0000000000e+00 0.0000000000e+00 1.0000000000e+00
9.9999701977e-01 4.6140779159e-04 2.3918529041e-03 -1.7600908875e-01 -4.2848035810e-04 9.9990540743e-01 -1.3748776168e-02 1.0253858566e+00 -2.3979702964e-03 1.3747710735e-02 9.9990260601e-01 -2.1193100139e-02 0.0000000000e+00 0.0000000000e+00 0.0000000000e+00 1.0000000000e+00
9.9999797344e-01 4.5892791240e-04 1.9686527085e-03 -1.8722864985e-01 -4.3411969091e-04 9.9992072582e-01 -1.2583590113e-02 1.0821387768e+00 -1.9742718432e-03 1.2582709081e-02 9.9991887808e-01 -2.0173028111e-02 0.0000000000e+00 0.0000000000e+00 0.0000000000e+00 1.0000000000e+00
9.9999767542e-01 6.8558653584e-04 2.0355568267e-03 -1.9713118672e-01 -6.6201580921e-04 9.9993300438e-01 -1.1557658203e-02 1.1391544342e+00 -2.0433440804e-03 1.1556283571e-02 9.9993115664e-01 -2.0563241094e-02 0.0000000000e+00 0.0000000000e+00 0.0000000000e+00 1.0000000000e+00
9.9999833107e-01 5.9863383649e-04 1.7352353316e-03 -2.0601566136e-01 -5.8053346584e-04 9.9994564056e-01 -1.0412851349e-02 1.1997276545e+00 -1.7413743772e-03 1.0411826894e-02 9.9994426966e-01 -1.9376136363e-02 0.0000000000e+00 0.0000000000e+00 0.0000000000e+00 1.0000000000e+00
9.9999874830e-01 6.7844527075e-04 1.4417516068e-03 -2.1673087776e-01 -6.6491024336e-04 9.9995589256e-01 -9.3677351251e-03 1.2608430386e+00 -1.4480436221e-03 9.3667646870e-03 9.9995505810e-01 -1.9956767559e-02 0.0000000000e+00 0.0000000000e+00 0.0000000000e+00 1.0000000000e+00
9.9999886751e-01 6.8403378827e-04 1.3397337170e-03 -2.2956357896e-01 -6.7230121931e-04 9.9996161461e-01 -8.7383519858e-03 1.3203046322e+00 -1.3456594897e-03 8.7374411523e-03 9.9996089935e-01 -1.9420523196e-02 0.0000000000e+00 0.0000000000e+00 0.0000000000e+00 1.0000000000e+00
9.9999898672e-01 7.2131701745e-04 1.2201988138e-03 -2.4121326208e-01 -7.1157421917e-04 9.9996799231e-01 -7.9663153738e-03 1.3823599815e+00 -1.2259059586e-03 7.9654399306e-03 9.9996751547e-01 -2.0244045183e-02 0.0000000000e+00 0.0000000000e+00 0.0000000000e+00 1.0000000000e+00
9.9999922514e-01 6.8800285226e-04 1.0407966329e-03 -2.5205957890e-01 -6.8044714862e-04 9.9997353554e-01 -7.2425520048e-03 1.4429745674e+00 -1.0457519675e-03 7.2418386117e-03 9.9997323751e-01 -1.9747953862e-02 0.0000000000e+00 0.0000000000e+00 0.0000000000e+00 1.0000000000e+00
9.9999940395e-01 6.5719755366e-04 8.5272348952e-04 -2.6439422369e-01 -6.5153033938e-04 9.9997782707e-01 -6.6293398850e-03 1.5038441420e+00 -8.5706135724e-04 6.6287801601e-03 9.9997764826e-01 -2.0379029214e-02 0.0000000000e+00 0.0000000000e+00 0.0000000000e+00 1.0000000000e+00
9.9999952316e-01 6.5645767609e-04 7.0974521805e-04 -2.7664980292e-01 -6.5219838871e-04 9.9998188019e-01 -5.9848460369e-03 1.5652282238e+00 -7.1366119664e-04 5.9843803756e-03 9.9998182058e-01 -1.9243324175e-02 0.0000000000e+00 0.0000000000e+00 0.0000000000e+00 1.0000000000e+00
9.9999970198e-01 5.4958905093e-04 5.4776953766e-04 -2.9120615125e-01 -5.4656399880e-04 9.9998468161e-01 -5.5073979311e-03 1.6281222105e+00 -5.5078795413e-04 5.5070971139e-03 9.9998468161e-01 -2.0204097033e-02 0.0000000000e+00 0.0000000000e+00 0.0000000000e+00 1.0000000000e+00
9.9999988079e-01 3.5961347749e-04 3.9760838263e-04 -3.0297189951e-01 -3.5764495260e-04 9.9998772144e-01 -4.9398932606e-03 1.6910902262e+00 -3.9937993279e-04 4.9397507682e-03 9.9998772144e-01 -1.8740935251e-02 0.0000000000e+00 0.0000000000e+00 0.0000000000e+00 1.0000000000e+00
