1.0000000000e+00 0.0000000000e+00 0.0000000000e+00 0.0000000000e+00 0.0000000000e+00 1.0000000000e+00 0.0000000000e+00 0.0000000000e+00 0.0000000000e+00 0.0000000000e+00 1.0000000000e+00 0.0000000000e+00 0.0000000000e+00 0.0000000000e+00 0.0000000000e+00 1.0000000000e+00
1.0000000000e+00 0.0000000000e+00 0.0000000000e+00 0.0000000000e+00 0.0000000000e+00 1.0000000000e+00 0.0000000000e+00 0.0000000000e+00 0.0000000000e+00 0.0000000000e+00 1.0000000000e+00 5.6266784668e-04 0.0000000000e+00 0.0000000000e+00 0.0000000000e+00 1.0000000000e+00
1.0000000000e+00 0.0000000000e+00 0.0000000000e+00 0.0000000000e+00 0.0000000000e+00 1.0000000000e+00 0.0000000000e+00 0.0000000000e+00 0.0000000000e+00 0.0000000000e+00 1.0000000000e+00 9.0026855469e-04 0.0000000000e+00 0.0000000000e+00 0.0000000000e+00 1.0000000000e+00
1.0000000000e+00 0.0000000000e+00 0.0000000000e+00 0.0000000000e+00 0.0000000000e+00 1.0000000000e+00 0.0000000000e+00 0.0000000000e+00 0.0000000000e+00 0.0000000000e+00 1.0000000000e+00 1.2340545654e-03 0.0000000000e+00 0.0000000000e+00 0.0000000000e+00 1.0000000000e+00
1.0000000000e+00 0.0000000000e+00 0.0000000000e+00 0.0000000000e+00 0.0000000000e+00 1.0000000000e+00 0.0000000000e+00 0.0000000000e+00 0.0000000000e+00 0.0000000000e+00 1.0000000000e+00 1.5296936035e-03 0.0000000000e+00 0.0000000000e+00 0.0000000000e+00 1.0000000000e+00
1.0000000000e+00 0.0000000000e+00 0.0000000000e+00 0.0000000000e+00 0.0000000000e+00 1.0000000000e+00 0.0000000000e+00 0.0000000000e+00 0.0000000000e+00 0.0000000000e+00 1.0000000000e+00 1.7910003662e-03 0.0000000000e+00 0.0000000000e+00 0.0000000000e+00 1.0000000000e+00
1.0000000000e+00 0.0000000000e+00 0.0000000000e+00 0.0000000000e+00 0.0000000000e+00 1.0000000000e+00 0.0000000000e+00 0.0000000000e+00 0.0000000000e+00 0.0000000000e+00 1.0000000000e+00 2.0675659180e-03 0.0000000000e+00 0.0000000000e+00 0.0000000000e+00 1.0000000000e+00
1.0000000000e+00 0.0000000000e+00 0.0000000000e+00 0.0000000000e+00 0.0000000000e+00 1.0000000000e+00 0.0000000000e+00 0.0000000000e+00 0.0000000000e+00 0.0000000000e+00 1.0000000000e+00 2.3136138916e-03 0.0000000000e+00 0.0000000000e+00 0.0000000000e+00 1.0000000000e+00
1.0000000000e+00 0.0000000000e+00 0.0000000000e+00 0.0000000000e+00 0.0000000000e+00 1.0000000000e+00 0.0000000000e+00 0.0000000000e+00 0.0000000000e+00 0.0000000000e+00 1.0000000000e+00 2.5310516357e-03 0.0000000000e+00 0.0000000000e+00 0.0000000000e+00 1.0000000000e+00
1.0000000000e+00 0.0000000000e+00 0.0000000000e+00 0.0000000000e+00 0.0000000000e+00 1.0000000000e+00 0.0000000000e+00 0.0000000000e+00 0.0000000000e+00 0.0000000000e+00 1.0000000000e+00 2.7599334717e-03 0.0000000000e+00 0.0000000000e+00 0.0000000000e+00 1.0000000000e+00
1.0000000000e+00 0.0000000000e+00 0.0000000000e+00 0.0000000000e+00 0.0000000000e+00 1.0000000000e+00 0.0000000000e+00 0.0000000000e+00 0.0000000000e+00 0.0000000000e+00 1.0000000000e+00 2.9525756836e-03 0.0000000000e+00 0.0000000000e+00 0.0000000000e+00 1.0000000000e+00
1.0000000000e+00 0.0000000000e+00 0.0000000000e+00 0.0000000000e+00 0.0000000000e+00 1.0000000000e+00 0.0000000000e+00 0.0000000000e+00 0.0000000000e+00 0.0000000000e+00 1.0000000000e+00 3.1299591064e-03 0.0000000000e+00 0.0000000000e+00 0.0000000000e+00 1.0000000000e+00
1.0000000000e+00 0.0000000000e+00 0.0000000000e+00 0.0000000000e+00 0.0000000000e+00 1.0000000000e+00 0.0000000000e+00 0.0000000000e+00 0.0000000000e+00 0.0000000000e+00 1.0000000000e+00 3.3054351807e-03 0.0000000000e+00 0.0000000000e+00 0.0000000000e+00 1.0000000000e+00
1.0000000000e+00 0.0000000000e+00 0.0000000000e+00 0.0000000000e+00 0.0000000000e+00 1.0000000000e+00 0.0000000000e+00 0.0000000000e+00 0.0000000000e+00 0.0000000000e+00 1.0000000000e+00 3.4809112549e-03 0.0000000000e+00 0.0000000000e+00 0.0000000000e+00 1.0000000000e+00
1.0000000000e+00 0.0000000000e+00 0.0000000000e+00 0.0000000000e+00 0.0000000000e+00 1.0000000000e+00 0.0000000000e+00 0.0000000000e+00 0.0000000000e+00 0.0000000000e+00 1.0000000000e+00 3.6296844482e-03 0.0000000000e+00 0.0000000000e+00 0.0000000000e+00 1.0000000000e+00
1.0000000000e+00 0.0000000000e+00 0.0000000000e+00 0.0000000000e+00 0.0000000000e+00 1.0000000000e+00 0.0000000000e+00 0.0000000000e+00 0.0000000000e+00 0.0000000000e+00 1.0000000000e+00 3.7536621094e-03 0.0000000000e+00 0.0000000000e+00 0.0000000000e+00 1.0000000000e+00
1.0000000000e+00 0.0000000000e+00 0.0000000000e+00 0.0000000000e+00 0.0000000000e+00 1.0000000000e+00 0.0000000000e+00 0.0000000000e+00 0.0000000000e+00 0.0000000000e+00 1.0000000000e+00 3.8738250732e-03 0.0000000000e+00 0.0000000000e+00 0.0000000000e+00 1.0000000000e+00
1.0000000000e+00 0.0000000000e+00 0.0000000000e+00 0.0000000000e+00 0.0000000000e+00 1.0000000000e+00 0.0000000000e+00 0.0000000000e+00 0.0000000000e+00 0.0000000000e+00 1.0000000000e+00 4.0016174316e-03 0.0000000000e+00 0.0000000000e+00 0.0000000000e+00 1.0000000000e+00
1.0000000000e+00 0.0000000000e+00 0.0000000000e+00 0.0000000000e+00 0.0000000000e+00 1.0000000000e+00 0.0000000000e+00 0.0000000000e+00 0.0000000000e+00 0.0000000000e+00 1.0000000000e+00 4.1332244873e-03 0.0000000000e+00 0.0000000000e+00 0.0000000000e+00 1.0000000000e+00
1.0000000000e+00 0.0000000000e+00 0.0000000000e+00 0.0000000000e+00 0.0000000000e+00 1.0000000000e+00 0.0000000000e+00 0.0000000000e+00 0.0000000000e+00 0.0000000000e+00 1.0000000000e+00 4.2514801025e-03 0.0000000000e+00 0.0000000000e+00 0.0000000000e+00 1.0000000000e+00
1.0000000000e+00 0.0000000000e+00 0.0000000000e+00 0.0000000000e+00 0.0000000000e+00 1.0000000000e+00 0.0000000000e+00 0.0000000000e+00 0.0000000000e+00 0.0000000000e+00 1.0000000000e+00 4.3544769287e-03 0.0000000000e+00 0.0000000000e+00 0.0000000000e+00 1.0000000000e+00
1.0000000000e+00 0.0000000000e+00 0.0000000000e+00 0.0000000000e+00 0.0000000000e+00 1.0000000000e+00 0.0000000000e+00 0.0000000000e+00 0.0000000000e+00 0.0000000000e+00 1.0000000000e+00 4.4307708740e-03 0.0000000000e+00 0.0000000000e+00 0.0000000000e+00 1.0000000000e+00
1.0000000000e+00 0.0000000000e+00 0.0000000000e+00 0.0000000000e+00 0.0000000000e+00 1.0000000000e+00 0.0000000000e+00 0.0000000000e+00 0.0000000000e+00 0.0000000000e+00 1.0000000000e+00 4.5185089111e-03 0.0000000000e+00 0.0000000000e+00 0.0000000000e+00 1.0000000000e+00
1.0000000000e+00 0.0000000000e+00 0.0000000000e+00 0.0000000000e+00 0.0000000000e+00 1.0000000000e+00 0.0000000000e+00 0.0000000000e+00 0.0000000000e+00 0.0000000000e+00 1.0000000000e+00 4.5986175537e-03 0.0000000000e+00 0.0000000000e+00 0.0000000000e+00 1.0000000000e+00
1.0000000000e+00 0.0000000000e+00 0.0000000000e+00 0.0000000000e+00 0.0000000000e+00 1.0000000000e+00 0.0000000000e+00 0.0000000000e+00 0.0000000000e+00 0.0000000000e+00 1.0000000000e+00 4.6825408936e-03 0.0000000000e+00 0.0000000000e+00 0.0000000000e+00 1.0000000000e+00
1.0000000000e+00 0.0000000000e+00 0.0000000000e+00 0.0000000000e+00 0.0000000000e+00 1.0000000000e+00 0.0000000000e+00 0.0000000000e+00 0.0000000000e+00 0.0000000000e+00 1.0000000000e+00 4.7626495361e-03 0.0000000000e+00 0.0000000000e+00 0.0000000000e+00 1.0000000000e+00
1.0000000000e+00 0.0000000000e+00 0.0000000000e+00 0.0000000000e+00 0.0000000000e+00 1.0000000000e+00 0.0000000000e+00 0.0000000000e+00 0.0000000000e+00 0.0000000000e+00 1.0000000000e+00 4.8503875732e-03 0.0000000000e+00 0.0000000000e+00 0.0000000000e+00 1.0000000000e+00
1.0000000000e+00 0.0000000000e+00 0.0000000000e+00 0.0000000000e+00 0.0000000000e+00 1.0000000000e+00 0.0000000000e+00 0.0000000000e+00 0.0000000000e+00 0.0000000000e+00 1.0000000000e+00 4.9266815186e-03 0.0000000000e+00 0.0000000000e+00 0.0000000000e+00 1.0000000000e+00
1.0000000000e+00 0.0000000000e+00 0.0000000000e+00 0.0000000000e+00 0.0000000000e+00 1.0000000000e+00 0.0000000000e+00 0.0000000000e+00 0.0000000000e+00 0.0000000000e+00 1.0000000000e+00 4.9915313721e-03 0.0000000000e+00 0.0000000000e+00 0.0000000000e+00 1.0000000000e+00
1.0000000000e+00 0.0000000000e+00 0.0000000000e+00 0.0000000000e+00 0.0000000000e+00 1.0000000000e+00 0.0000000000e+00 0.0000000000e+00 0.0000000000e+00 0.0000000000e+00 1.0000000000e+00 5.0334930420e-03 0.0000000000e+00 0.0000000000e+00 0.0000000000e+00 1.0000000000e+00
1.0000000000e+00 0.0000000000e+00 0.0000000000e+00 0.0000000000e+00 0.0000000000e+00 1.0000000000e+00 0.0000000000e+00 0.0000000000e+00 0.0000000000e+00 0.0000000000e+00 1.0000000000e+00 5.0735473633e-03 0.0000000000e+00 0.0000000000e+00 0.0000000000e+00 1.0000000000e+00
1.0000000000e+00 0.0000000000e+00 0.0000000000e+00 0.0000000000e+00 0.0000000000e+00 1.0000000000e+00 0.0000000000e+00 0.0000000000e+00 0.0000000000e+00 0.0000000000e+00 1.0000000000e+00 5.1136016846e-03 0.0000000000e+00 0.0000000000e+00 0.0000000000e+00 1.0000000000e+00
1.0000000000e+00 0.0000000000e+00 0.0000000000e+00 0.0000000000e+00 0.0000000000e+00 1.0000000000e+00 0.0000000000e+00 0.0000000000e+00 0.0000000000e+00 0.0000000000e+00 1.0000000000e+00 5.1555633545e-03 0.0000000000e+00 0.0000000000e+00 0.0000000000e+00 1.0000000000e+00
1.0000000000e+00 0.0000000000e+00 0.0000000000e+00 0.0000000000e+00 0.0000000000e+00 1.0000000000e+00 0.0000000000e+00 0.0000000000e+00 0.0000000000e+00 0.0000000000e+00 1.0000000000e+00 5.1956176758e-03 0.0000000000e+00 0.0000000000e+00 0.0000000000e+00 1.0000000000e+00
1.0000000000e+00 0.0000000000e+00 0.0000000000e+00 0.0000000000e+00 0.0000000000e+00 1.0000000000e+00 0.0000000000e+00 0.0000000000e+00 0.0000000000e+00 0.0000000000e+00 1.0000000000e+00 5.2356719971e-03 0.0000000000e+00 0.0000000000e+00 0.0000000000e+00 1.0000000000e+00
1.0000000000e+00 0.0000000000e+00 0.0000000000e+00 0.0000000000e+00 0.0000000000e+00 1.0000000000e+00 0.0000000000e+00 0.0000000000e+00 0.0000000000e+00 0.0000000000e+00 1.0000000000e+00 5.2757263184e-03 0.0000000000e+00 0.0000000000e+00 0.0000000000e+00 1.0000000000e+00
1.0000000000e+00 0.0000000000e+00 0.0000000000e+00 0.0000000000e+00 0.0000000000e+00 1.0000000000e+00 0.0000000000e+00 0.0000000000e+00 0.0000000000e+00 0.0000000000e+00 1.0000000000e+00 5.3386688232e-03 0.0000000000e+00 0.0000000000e+00 0.0000000000e+00 1.0000000000e+00
1.0000000000e+00 0.0000000000e+00 0.0000000000e+00 0.0000000000e+00 0.0000000000e+00 1.0000000000e+00 0.0000000000e+00 0.0000000000e+00 0.0000000000e+00 0.0000000000e+00 1.0000000000e+00 5.3806304932e-03 0.0000000000e+00 0.0000000000e+00 0.0000000000e+00 1.0000000000e+00
1.0000000000e+00 0.0000000000e+00 0.0000000000e+00 0.0000000000e+00 0.0000000000e+00 1.0000000000e+00 0.0000000000e+00 0.0000000000e+00 0.0000000000e+00 0.0000000000e+00 1.0000000000e+00 5.4225921631e-03 0.0000000000e+00 0.0000000000e+00 0.0000000000e+00 1.0000000000e+00
1.0000000000e+00 0.0000000000e+00 0.0000000000e+00 0.0000000000e+00 0.0000000000e+00 1.0000000000e+00 0.0000000000e+00 0.0000000000e+00 0.0000000000e+00 0.0000000000e+00 1.0000000000e+00 5.4626464844e-03 0.0000000000e+00 0.0000000000e+00 0.0000000000e+00 1.0000000000e+00
1.0000000000e+00 0.0000000000e+00 0.0000000000e+00 0.0000000000e+00 0.0000000000e+00 1.0000000000e+00 0.0000000000e+00 0.0000000000e+00 0.0000000000e+00 0.0000000000e+00 1.0000000000e+00 5.5065155029e-03 0.0000000000e+00 0.0000000000e+00 0.0000000000e+00 1.0000000000e+00
1.0000000000e+00 0.0000000000e+00 0.0000000000e+00 0.0000000000e+00 0.0000000000e+00 1.0000000000e+00 0.0000000000e+00 0.0000000000e+00 0.0000000000e+00 0.0000000000e+00 1.0000000000e+00 5.5484771729e-03 0.0000000000e+00 0.0000000000e+00 0.0000000000e+00 1.0000000000e+00
1.0000000000e+00 0.0000000000e+00 0.0000000000e+00 0.0000000000e+00 0.0000000000e+00 1.0000000000e+00 0.0000000000e+00 0.0000000000e+00 0.0000000000e+00 0.0000000000e+00 1.0000000000e+00 5.5904388428e-03 0.0000000000e+00 0.0000000000e+00 0.0000000000e+00 1.0000000000e+00
1.0000000000e+00 0.0000000000e+00 0.0000000000e+00 0.0000000000e+00 0.0000000000e+00 1.0000000000e+00 0.0000000000e+00 0.0000000000e+00 0.0000000000e+00 0.0000000000e+00 1.0000000000e+00 5.6285858154e-03 0.0000000000e+00 0.0000000000e+00 0.0000000000e+00 1.0000000000e+00
1.0000000000e+00 0.0000000000e+00 0.0000000000e+00 0.0000000000e+00 0.0000000000e+00 1.0000000000e+00 0.0000000000e+00 0.0000000000e+00 0.0000000000e+00 0.0000000000e+00 1.0000000000e+00 5.6419372559e-03 0.0000000000e+00 0.0000000000e+00 0.0000000000e+00 1.0000000000e+00
1.0000000000e+00 0.0000000000e+00 0.0000000000e+00 0.0000000000e+00 0.0000000000e+00 1.0000000000e+00 0.0000000000e+00 0.0000000000e+00 0.0000000000e+00 0.0000000000e+00 1.0000000000e+00 5.6419372559e-03 0.0000000000e+00 0.0000000000e+00 0.0000000000e+00 1.0000000000e+00
1.0000000000e+00 0.0000000000e+00 0.0000000000e+00 0.0000000000e+00 0.0000000000e+00 1.0000000000e+00 0.0000000000e+00 0.0000000000e+00 0.0000000000e+00 0.0000000000e+00 1.0000000000e+00 5.6419372559e-03 0.0000000000e+00 0.0000000000e+00 0.0000000000e+00 1.0000000000e+00
1.0000000000e+00 0.0000000000e+00 0.0000000000e+00 0.0000000000e+00 0.0000000000e+00 1.0000000000e+00 0.0000000000e+00 0.0000000000e+00 0.0000000000e+00 0.0000000000e+00 1.0000000000e+00 5.6419372559e-03 0.0000000000e+00 0.0000000000e+00 0.0000000000e+00 1.0000000000e+00
1.0000000000e+00 0.0000000000e+00 0.0000000000e+00 0.0000000000e+00 0.0000000000e+00 1.0000000000e+00 0.0000000000e+00 0.0000000000e+00 0.0000000000e+00 0.0000000000e+00 1.0000000000e+00 5.6705474854e-03 0.0000000000e+00 0.0000000000e+00 0.0000000000e+00 1.0000000000e+00
1.0000000000e+00 0.0000000000e+00 0.0000000000e+00 0.0000000000e+00 0.0000000000e+00 1.0000000000e+00 0.0000000000e+00 0.0000000000e+00 0.0000000000e+00 0.0000000000e+00 1.0000000000e+00 5.6705474854e-03 0.0000000000e+00 0.0000000000e+00 0.0000000000e+00 1.0000000000e+00
1.0000000000e+00 0.0000000000e+00 0.0000000000e+00 0.0000000000e+00 0.0000000000e+00 1.0000000000e+00 0.0000000000e+00 0.0000000000e+00 0.0000000000e+00 0.0000000000e+00 1.0000000000e+00 5.6705474854e-03 0.0000000000e+00 0.0000000000e+00 0.0000000000e+00 1.0000000000e+00
1.0000000000e+00 0.0000000000e+00 0.0000000000e+00 0.0000000000e+00 0.0000000000e+00 1.0000000000e+00 0.0000000000e+00 0.0000000000e+00 0.0000000000e+00 0.0000000000e+00 1.0000000000e+00 5.6705474854e-03 0.0000000000e+00 0.0000000000e+00 0.0000000000e+00 1.0000000000e+00
1.0000000000e+00 0.0000000000e+00 0.0000000000e+00 0.0000000000e+00 0.0000000000e+00 1.0000000000e+00 0.0000000000e+00 0.0000000000e+00 0.0000000000e+00 0.0000000000e+00 1.0000000000e+00 5.6896209717e-03 0.0000000000e+00 0.0000000000e+00 0.0000000000e+00 1.0000000000e+00
1.0000000000e+00 0.0000000000e+00 0.0000000000e+00 0.0000000000e+00 0.0000000000e+00 1.0000000000e+00 0.0000000000e+00 0.0000000000e+00 0.0000000000e+00 0.0000000000e+00 1.0000000000e+00 5.6991577148e-03 0.0000000000e+00 0.0000000000e+00 0.0000000000e+00 1.0000000000e+00
1.0000000000e+00 0.0000000000e+00 0.0000000000e+00 0.0000000000e+00 0.0000000000e+00 1.0000000000e+00 0.0000000000e+00 0.0000000000e+00 0.0000000000e+00 0.0000000000e+00 1.0000000000e+00 5.6991577148e-03 0.0000000000e+00 0.0000000000e+00 0.0000000000e+00 1.0000000000e+00
1.0000000000e+00 0.0000000000e+00 0.0000000000e+00 0.0000000000e+00 0.0000000000e+00 1.0000000000e+00 0.0000000000e+00 0.0000000000e+00 0.0000000000e+00 0.0000000000e+00 1.0000000000e+00 5.6991577148e-03 0.0000000000e+00 0.0000000000e+00 0.0000000000e+00 1.0000000000e+00
1.0000000000e+00 0.0000000000e+00 0.0000000000e+00 0.0000000000e+00 0.0000000000e+00 1.0000000000e+00 0.0000000000e+00 0.0000000000e+00 0.0000000000e+00 0.0000000000e+00 1.0000000000e+00 5.6991577148e-03 0.0000000000e+00 0.0000000000e+00 0.0000000000e+00 1.0000000000e+00
1.0000000000e+00 0.0000000000e+00 0.0000000000e+00 0.0000000000e+00 0.0000000000e+00 1.0000000000e+00 0.0000000000e+00 0.0000000000e+00 0.0000000000e+00 0.0000000000e+00 1.0000000000e+00 5.7201385498e-03 0.0000000000e+00 0.0000000000e+00 0.0000000000e+00 1.0000000000e+00
1.0000000000e+00 0.0000000000e+00 0.0000000000e+00 0.0000000000e+00 0.0000000000e+00 1.0000000000e+00 0.0000000000e+00 0.0000000000e+00 0.0000000000e+00 0.0000000000e+00 1.0000000000e+00 5.7239532471e-03 0.0000000000e+00 0.0000000000e+00 0.0000000000e+00 1.0000000000e+00
1.0000000000e+00 0.0000000000e+00 0.0000000000e+00 0.0000000000e+00 0.0000000000e+00 1.0000000000e+00 0.0000000000e+00 0.0000000000e+00 0.0000000000e+00 0.0000000000e+00 1.0000000000e+00 5.7239532471e-03 0.0000000000e+00 0.0000000000e+00 0.0000000000e+00 1.0000000000e+00
1.0000000000e+00 0.0000000000e+00 0.0000000000e+00 0.0000000000e+00 0.0000000000e+00 1.0000000000e+00 0.0000000000e+00 0.0000000000e+00 0.0000000000e+00 0.0000000000e+00 1.0000000000e+00 5.7239532471e-03 0.0000000000e+00 0.0000000000e+00 0.0000000000e+00 1.0000000000e+00
1.0000000000e+00 0.0000000000e+00 0.0000000000e+00 0.0000000000e+00 0.0000000000e+00 1.0000000000e+00 0.0000000000e+00 0.0000000000e+00 0.0000000000e+00 0.0000000000e+00 1.0000000000e+00 5.7239532471e-03 0.0000000000e+00 0.0000000000e+00 0.0000000000e+00 1.0000000000e+00
1.0000000000e+00 0.0000000000e+00 0.0000000000e+00 0.0000000000e+00 0.0000000000e+00 1.0000000000e+00 0.0000000000e+00 0.0000000000e+00 0.0000000000e+00 0.0000000000e+00 1.0000000000e+00 5.7239532471e-03 0.0000000000e+00 0.0000000000e+00 0.0000000000e+00 1.0000000000e+00
1.0000000000e+00 0.0000000000e+00 0.0000000000e+00 0.0000000000e+00 0.0000000000e+00 1.0000000000e+00 0.0000000000e+00 0.0000000000e+00 0.0000000000e+00 0.0000000000e+00 1.0000000000e+00 5.7392120361e-03 0.0000000000e+00 0.0000000000e+00 0.0000000000e+00 1.0000000000e+00
1.0000000000e+00 0.0000000000e+00 0.0000000000e+00 0.0000000000e+00 0.0000000000e+00 1.0000000000e+00 0.0000000000e+00 0.0000000000e+00 0.0000000000e+00 0.0000000000e+00 1.0000000000e+00 5.7392120361e-03 0.0000000000e+00 0.0000000000e+00 0.0000000000e+00 1.0000000000e+00
1.0000000000e+00 0.0000000000e+00 0.0000000000e+00 0.0000000000e+00 0.0000000000e+00 1.0000000000e+00 0.0000000000e+00 0.0000000000e+00 0.0000000000e+00 0.0000000000e+00 1.0000000000e+00 5.7392120361e-03 0.0000000000e+00 0.0000000000e+00 0.0000000000e+00 1.0000000000e+00
1.0000000000e+00 0.0000000000e+00 0.0000000000e+00 0.0000000000e+00 0.0000000000e+00 1.0000000000e+00 0.0000000000e+00 0.0000000000e+00 0.0000000000e+00 0.0000000000e+00 1.0000000000e+00 5.7392120361e-03 0.0000000000e+00 0.0000000000e+00 0.0000000000e+00 1.0000000000e+00
1.0000000000e+00 0.0000000000e+00 0.0000000000e+00 0.0000000000e+00 0.0000000000e+00 1.0000000000e+00 0.0000000000e+00 0.0000000000e+00 0.0000000000e+00 0.0000000000e+00 1.0000000000e+00 5.7392120361e-03 0.0000000000e+00 0.0000000000e+00 0.0000000000e+00 1.0000000000e+00
1.0000000000e+00 0.0000000000e+00 0.0000000000e+00 0.0000000000e+00 0.0000000000e+00 1.0000000000e+00 0.0000000000e+00 0.0000000000e+00 0.0000000000e+00 0.0000000000e+00 1.0000000000e+00 5.7392120361e-03 0.0000000000e+00 0.0000000000e+00 0.0000000000e+00 1.0000000000e+00
1.0000000000e+00 0.0000000000e+00 0.0000000000e+00 0.0000000000e+00 0.0000000000e+00 1.0000000000e+00 0.0000000000e+00 0.0000000000e+00 0.0000000000e+00 0.0000000000e+00 1.0000000000e+00 5.7392120361e-03 0.0000000000e+00 0.0000000000e+00 0.0000000000e+00 1.0000000000e+00
1.0000000000e+00 0.0000000000e+00 0.0000000000e+00 0.0000000000e+00 0.0000000000e+00 1.0000000000e+00 0.0000000000e+00 0.0000000000e+00 0.0000000000e+00 0.0000000000e+00 1.0000000000e+00 5.7487487793e-03 0.0000000000e+00 0.0000000000e+00 0.0000000000e+00 1.0000000000e+00
1.0000000000e+00 0.0000000000e+00 0.0000000000e+00 0.0000000000e+00 0.0000000000e+00 1.0000000000e+00 0.0000000000e+00 0.0000000000e+00 0.0000000000e+00 0.0000000000e+00 1.0000000000e+00 5.7582855225e-03 0.0000000000e+00 0.0000000000e+00 0.0000000000e+00 1.0000000000e+00
1.0000000000e+00 0.0000000000e+00 0.0000000000e+00 0.0000000000e+00 0.0000000000e+00 1.0000000000e+00 0.0000000000e+00 0.0000000000e+00 0.0000000000e+00 0.0000000000e+00 1.0000000000e+00 5.7582855225e-03 0.0000000000e+00 0.0000000000e+00 0.0000000000e+00 1.0000000000e+00
1.0000000000e+00 0.0000000000e+00 0.0000000000e+00 0.0000000000e+00 0.0000000000e+00 1.0000000000e+00 0.0000000000e+00 0.0000000000e+00 0.0000000000e+00 0.0000000000e+00 1.0000000000e+00 5.7582855225e-03 0.0000000000e+00 0.0000000000e+00 0.0000000000e+00 1.0000000000e+00
1.0000000000e+00 0.0000000000e+00 0.0000000000e+00 0.0000000000e+00 0.0000000000e+00 1.0000000000e+00 0.0000000000e+00 0.0000000000e+00 0.0000000000e+00 0.0000000000e+00 1.0000000000e+00 5.7582855225e-03 0.0000000000e+00 0.0000000000e+00 0.0000000000e+00 1.0000000000e+00
1.0000000000e+00 0.0000000000e+00 0.0000000000e+00 0.0000000000e+00 0.0000000000e+00 1.0000000000e+00 0.0000000000e+00 0.0000000000e+00 0.0000000000e+00 0.0000000000e+00 1.0000000000e+00 5.7582855225e-03 0.0000000000e+00 0.0000000000e+00 0.0000000000e+00 1.0000000000e+00
1.0000000000e+00 0.0000000000e+00 0.0000000000e+00 0.0000000000e+00 0.0000000000e+00 1.0000000000e+00 0.0000000000e+00 0.0000000000e+00 0.0000000000e+00 0.0000000000e+00 1.0000000000e+00 5.7582855225e-03 0.0000000000e+00 0.0000000000e+00 0.0000000000e+00 1.0000000000e+00
1.0000000000e+00 0.0000000000e+00 0.0000000000e+00 0.0000000000e+00 0.0000000000e+00 1.0000000000e+00 0.0000000000e+00 0.0000000000e+00 0.0000000000e+00 0.0000000000e+00 1.0000000000e+00 5.7582855225e-03 0.0000000000e+00 0.0000000000e+00 0.0000000000e+00 1.0000000000e+00
1.0000000000e+00 0.0000000000e+00 0.0000000000e+00 0.0000000000e+00 0.0000000000e+00 1.0000000000e+00 0.0000000000e+00 0.0000000000e+00 0.0000000000e+00 0.0000000000e+00 1.0000000000e+00 5.7582855225e-03 0.0000000000e+00 0.0000000000e+00 0.0000000000e+00 1.0000000000e+00
1.0000000000e+00 0.0000000000e+00 0.0000000000e+00 0.0000000000e+00 0.0000000000e+00 1.0000000000e+00 0.0000000000e+00 0.0000000000e+00 0.0000000000e+00 0.0000000000e+00 1.0000000000e+00 5.7582855225e-03 0.0000000000e+00 0.0000000000e+00 0.0000000000e+00 1.0000000000e+00
1.0000000000e+00 0.0000000000e+00 0.0000000000e+00 0.0000000000e+00 0.0000000000e+00 1.0000000000e+00 0.0000000000e+00 0.0000000000e+00 0.0000000000e+00 0.0000000000e+00 1.0000000000e+00 5.7582855225e-03 0.0000000000e+00 0.0000000000e+00 0.0000000000e+00 1.0000000000e+00
1.0000000000e+00 0.0000000000e+00 0.0000000000e+00 0.0000000000e+00 0.0000000000e+00 1.0000000000e+00 0.0000000000e+00 0.0000000000e+00 0.0000000000e+00 0.0000000000e+00 1.0000000000e+00 5.7582855225e-03 0.0000000000e+00 0.0000000000e+00 0.0000000000e+00 1.0000000000e+00
1.0000000000e+00 0.0000000000e+00 0.0000000000e+00 0.0000000000e+00 0.0000000000e+00 1.0000000000e+00 0.0000000000e+00 0.0000000000e+00 0.0000000000e+00 0.0000000000e+00 1.0000000000e+00 5.7678222656e-03 0.0000000000e+00 0.0000000000e+00 0.0000000000e+00 1.0000000000e+00
1.0000000000e+00 0.0000000000e+00 0.0000000000e+00 0.0000000000e+00 0.0000000000e+00 1.0000000000e+00 0.0000000000e+00 0.0000000000e+00 0.0000000000e+00 0.0000000000e+00 1.0000000000e+00 5.7678222656e-03 0.0000000000e+00 0.0000000000e+00 0.0000000000e+00 1.0000000000e+00
1.0000000000e+00 0.0000000000e+00 0.0000000000e+00 0.0000000000e+00 0.0000000000e+00 1.0000000000e+00 0.0000000000e+00 0.0000000000e+00 0.0000000000e+00 0.0000000000e+00 1.0000000000e+00 5.7678222656e-03 0.0000000000e+00 0.0000000000e+00 0.0000000000e+00 1.0000000000e+00
1.0000000000e+00 0.0000000000e+00 0.0000000000e+00 0.0000000000e+00 0.0000000000e+00 1.0000000000e+00 0.0000000000e+00 0.0000000000e+00 0.0000000000e+00 0.0000000000e+00 1.0000000000e+00 5.7678222656e-03 0.0000000000e+00 0.0000000000e+00 0.0000000000e+00 1.0000000000e+00
1.0000000000e+00 0.0000000000e+00 0.0000000000e+00 0.0000000000e+00 0.0000000000e+00 1.0000000000e+00 0.0000000000e+00 0.0000000000e+00 0.0000000000e+00 0.0000000000e+00 1.0000000000e+00 5.7678222656e-03 0.0000000000e+00 0.0000000000e+00 0.0000000000e+00 1.0000000000e+00
1.0000000000e+00 0.0000000000e+00 0.0000000000e+00 0.0000000000e+00 0.0000000000e+00 1.0000000000e+00 0.0000000000e+00 0.0000000000e+00 0.0000000000e+00 0.0000000000e+00 1.0000000000e+00 5.7678222656e-03 0.0000000000e+00 0.0000000000e+00 0.0000000000e+00 1.0000000000e+00
1.0000000000e+00 0.0000000000e+00 0.0000000000e+00 0.0000000000e+00 0.0000000000e+00 1.0000000000e+00 0.0000000000e+00 0.0000000000e+00 0.0000000000e+00 0.0000000000e+00 1.0000000000e+00 5.7678222656e-03 0.0000000000e+00 0.0000000000e+00 0.0000000000e+00 1.0000000000e+00
1.0000000000e+00 0.0000000000e+00 0.0000000000e+00 0.0000000000e+00 0.0000000000e+00 1.0000000000e+00 0.0000000000e+00 0.0000000000e+00 0.0000000000e+00 0.0000000000e+00 1.0000000000e+00 5.7678222656e-03 0.0000000000e+00 0.0000000000e+00 0.0000000000e+00 1.0000000000e+00
1.0000000000e+00 0.0000000000e+00 0.0000000000e+00 0.0000000000e+00 0.0000000000e+00 1.0000000000e+00 0.0000000000e+00 0.0000000000e+00 0.0000000000e+00 0.0000000000e+00 1.0000000000e+00 5.7678222656e-03 0.0000000000e+00 0.0000000000e+00 0.0000000000e+00 1.0000000000e+00
1.0000000000e+00 0.0000000000e+00 0.0000000000e+00 0.0000000000e+00 0.0000000000e+00 1.0000000000e+00 0.0000000000e+00 0.0000000000e+00 0.0000000000e+00 0.0000000000e+00 1.0000000000e+00 5.7678222656e-03 0.0000000000e+00 0.0000000000e+00 0.0000000000e+00 1.0000000000e+00
1.0000000000e+00 0.0000000000e+00 0.0000000000e+00 0.0000000000e+00 0.0000000000e+00 1.0000000000e+00 0.0000000000e+00 0.0000000000e+00 0.0000000000e+00 0.0000000000e+00 1.0000000000e+00 5.7678222656e-03 0.0000000000e+00 0.0000000000e+00 0.0000000000e+00 1.0000000000e+00
1.0000000000e+00 0.0000000000e+00 0.0000000000e+00 0.0000000000e+00 0.0000000000e+00 1.0000000000e+00 0.0000000000e+00 0.0000000000e+00 0.0000000000e+00 0.0000000000e+00 1.0000000000e+00 5.7678222656e-03 0.0000000000e+00 0.0000000000e+00 0.0000000000e+00 1.0000000000e+00
1.0000000000e+00 0.0000000000e+00 0.0000000000e+00 0.0000000000e+00 0.0000000000e+00 1.0000000000e+00 0.0000000000e+00 0.0000000000e+00 0.0000000000e+00 0.0000000000e+00 1.0000000000e+00 5.7678222656e-03 0.0000000000e+00 0.0000000000e+00 0.0000000000e+00 1.0000000000e+00
1.0000000000e+00 0.0000000000e+00 0.0000000000e+00 0.0000000000e+00 0.0000000000e+00 1.0000000000e+00 0.0000000000e+00 0.0000000000e+00 0.0000000000e+00 0.0000000000e+00 1.0000000000e+00 5.7678222656e-03 0.0000000000e+00 0.0000000000e+00 0.0000000000e+00 1.0000000000e+00
1.0000000000e+00 0.0000000000e+00 0.0000000000e+00 0.0000000000e+00 0.0000000000e+00 1.0000000000e+00 0.0000000000e+00 0.0000000000e+00 0.0000000000e+00 0.0000000000e+00 1.0000000000e+00 5.7678222656e-03 0.0000000000e+00 0.0000000000e+00 0.0000000000e+00 1.0000000000e+00
1.0000000000e+00 0.0000000000e+00 0.0000000000e+00 0.0000000000e+00 0.0000000000e+00 1.0000000000e+00 0.0000000000e+00 0.0000000000e+00 0.0000000000e+00 0.0000000000e+00 1.0000000000e+00 5.7678222656e-03 0.0000000000e+00 0.0000000000e+00 0.0000000000e+00 1.0000000000e+00
1.0000000000e+00 0.0000000000e+00 0.0000000000e+00 0.0000000000e+00 0.0000000000e+00 1.0000000000e+00 0.0000000000e+00 0.0000000000e+00 0.0000000000e+00 0.0000000000e+00 1.0000000000e+00 5.7678222656e-03 0.0000000000e+00 0.0000000000e+00 0.0000000000e+00 1.0000000000e+00
1.0000000000e+00 0.0000000000e+00 0.0000000000e+00 0.0000000000e+00 0.0000000000e+00 1.0000000000e+00 0.0000000000e+00 0.0000000000e+00 0.0000000000e+00 0.0000000000e+00 1.0000000000e+00 5.7678222656e-03 0.0000000000e+00 0.0000000000e+00 0.0000000000e+00 1.0000000000e+00
1.0000000000e+00 0.0000000000e+00 0.0000000000e+00 0.0000000000e+00 0.0000000000e+00 1.0000000000e+00 0.0000000000e+00 0.0000000000e+00 0.0000000000e+00 0.0000000000e+00 1.0000000000e+00 5.7678222656e-03 0.0000000000e+00 0.0000000000e+00 0.0000000000e+00 1.0000000000e+00
1.0000000000e+00 0.0000000000e+00 0.0000000000e+00 0.0000000000e+00 0.0000000000e+00 1.0000000000e+00 0.0000000000e+00 0.0000000000e+00 0.0000000000e+00 0.0000000000e+00 1.0000000000e+00 5.7678222656e-03 0.0000000000e+00 0.0000000000e+00 0.0000000000e+00 1.0000000000e+00
1.0000000000e+00 0.0000000000e+00 0.0000000000e+00 0.0000000000e+00 0.0000000000e+00 1.0000000000e+00 0.0000000000e+00 0.0000000000e+00 0.0000000000e+00 0.0000000000e+00 1.0000000000e+00 5.7678222656e-03 0.0000000000e+00 0.0000000000e+00 0.0000000000e+00 1.0000000000e+00
1.0000000000e+00 0.0000000000e+00 0.0000000000e+00 0.0000000000e+00 0.0000000000e+00 1.0000000000e+00 0.0000000000e+00 0.0000000000e+00 0.0000000000e+00 0.0000000000e+00 1.0000000000e+00 5.7678222656e-03 0.0000000000e+00 0.0000000000e+00 0.0000000000e+00 1.0000000000e+00
1.0000000000e+00 0.0000000000e+00 0.0000000000e+00 0.0000000000e+00 0.0000000000e+00 1.0000000000e+00 0.0000000000e+00 0.0000000000e+00 0.0000000000e+00 0.0000000000e+00 1.0000000000e+00 5.7678222656e-03 0.0000000000e+00 0.0000000000e+00 0.0000000000e+00 1.0000000000e+00
1.0000000000e+00 0.0000000000e+00 0.0000000000e+00 0.0000000000e+00 0.0000000000e+00 1.0000000000e+00 0.0000000000e+00 0.0000000000e+00 0.0000000000e+00 0.0000000000e+00 1.0000000000e+00 5.7678222656e-03 0.0000000000e+00 0.0000000000e+00 0.0000000000e+00 1.0000000000e+00
9.9958175421e-01 -8.7802953203e-05 2.8918832541e-02 9.7271557024e-05 -9.1802525276e-05 9.9998074770e-01 6.2092896551e-03 1.9830114979e-05 -2.8918817639e-02 -6.2093469314e-03 9.9956244230e-01 4.6415813267e-03 0.0000000000e+00 0.0000000000e+00 0.0000000000e+00 1.0000000000e+00
9.9790936708e-01 -3.6618599552e-04 6.4627155662e-02 -1.9873678684e-03 -4.6213375754e-04 9.9991798401e-01 1.2801485136e-02 -4.1117164074e-04 -6.4626537263e-02 -1.2804588303e-02 9.9782735109e-01 4.6063578338e-05 0.0000000000e+00 0.0000000000e+00 0.0000000000e+00 1.0000000000e+00
9.9671727419e-01 -5.0834531430e-04 8.0960050225e-02 -8.2143368199e-03 -8.0009608064e-04 9.9986964464e-01 1.6128305346e-02 -1.6667038435e-03 -8.0957688391e-02 -1.6140138730e-02 9.9658691883e-01 -1.8779725069e-03 0.0000000000e+00 0.0000000000e+00 0.0000000000e+00 1.0000000000e+00
9.9621760845e-01 -4.9059948651e-04 8.6892686784e-02 -1.7550444230e-02 -1.0140837403e-03 9.9985033274e-01 1.7271583900e-02 -3.5358862951e-03 -8.6888149381e-02 -1.7294371501e-02 9.9606800079e-01 -1.7778490437e-03 0.0000000000e+00 0.0000000000e+00 0.0000000000e+00 1.0000000000e+00
9.9611729383e-01 -3.5191528150e-04 8.8034763932e-02 -3.2952751964e-02 -1.1910673929e-03 9.9984651804e-01 1.7473826185e-02 -6.6097476520e-03 -8.8027410209e-02 -1.7510838807e-02 9.9596416950e-01 -5.2184524247e-04 0.0000000000e+00 0.0000000000e+00 0.0000000000e+00 1.0000000000e+00
9.9631953239e-01 -1.5186308883e-04 8.5716851056e-02 -5.2701987326e-02 -1.3107532868e-03 9.9985444546e-01 1.7006808892e-02 -1.0539078154e-02 -8.5706964135e-02 -1.7056567594e-02 9.9617433548e-01 1.1993810767e-03 0.0000000000e+00 0.0000000000e+00 0.0000000000e+00 1.0000000000e+00
9.9669224024e-01 6.7968940130e-05 8.1267923117e-02 -7.8266553581e-02 -1.3827824732e-03 9.9986904860e-01 1.6122575849e-02 -1.5617552213e-02 -8.1256195903e-02 -1.6181623563e-02 9.9656194448e-01 3.0388962477e-03 0.0000000000e+00 0.0000000000e+00 0.0000000000e+00 1.0000000000e+00
9.9705994129e-01 2.3078346567e-04 7.6625578105e-02 -1.0371749848e-01 -1.3999686344e-03 9.9988353252e-01 1.5205055475e-02 -2.0671043545e-02 -7.6613135636e-02 -1.5267624520e-02 9.9694401026e-01 4.4166492298e-03 0.0000000000e+00 0.0000000000e+00 0.0000000000e+00 1.0000000000e+00
9.9744945765e-01 3.5794379073e-04 7.1374796331e-02 -1.3384234905e-01 -1.3729077764e-03 9.9989873171e-01 1.4171652496e-02 -2.6652488858e-02 -7.1362480521e-02 -1.4233497903e-02 9.9734890461e-01 5.5718990043e-03 0.0000000000e+00 0.0000000000e+00 0.0000000000e+00 1.0000000000e+00
9.9780315161e-01 4.3412036030e-04 6.6247895360e-02 -1.6579626501e-01 -1.3088833075e-03 9.9991255999e-01 1.3161561452e-02 -3.3003050834e-02 -6.6236376762e-02 -1.3219357468e-02 9.9771642685e-01 6.3437041827e-03 0.0000000000e+00 0.0000000000e+00 0.0000000000e+00 1.0000000000e+00
9.9812591076e-01 4.6217517229e-04 6.1191260815e-02 -2.0059198141e-01 -1.2090099044e-03 9.9992531538e-01 1.2168465182e-02 -3.9928350598e-02 -6.1181053519e-02 -1.2219640426e-02 9.9805188179e-01 6.7863957956e-03 0.0000000000e+00 0.0000000000e+00 0.0000000000e+00 1.0000000000e+00
9.9841272831e-01 4.4718923164e-04 5.6317050010e-02 -2.3800814152e-01 -1.0801808676e-03 9.9993658066e-01 1.1209846474e-02 -4.7386877239e-02 -5.6308474392e-02 -1.1252885684e-02 9.9834990501e-01 6.9045810960e-03 0.0000000000e+00 0.0000000000e+00 0.0000000000e+00 1.0000000000e+00
9.9866330624e-01 3.9899675176e-04 5.1685493439e-02 -2.7783170342e-01 -9.3254115200e-04 9.9994659424e-01 1.0299202055e-02 -5.5339660496e-02 -5.1678616554e-02 -1.0333633050e-02 9.9861025810e-01 6.7203952931e-03 0.0000000000e+00 0.0000000000e+00 0.0000000000e+00 1.0000000000e+00
9.9887895584e-01 3.2793043647e-04 4.7336783260e-02 -3.1985977292e-01 -7.7574735042e-04 9.9995517731e-01 9.4421701506e-03 -6.3747711480e-02 -4.7331564128e-02 -9.4683058560e-03 9.9883431196e-01 6.2593799084e-03 0.0000000000e+00 0.0000000000e+00 0.0000000000e+00 1.0000000000e+00
9.9906283617e-01 2.4457022664e-04 4.3283335865e-02 -3.6390513182e-01 -6.1921944143e-04 9.9996250868e-01 8.6425431073e-03 -7.2571523488e-02 -4.3279591948e-02 -8.6612449959e-03 9.9902546406e-01 5.5651706643e-03 0.0000000000e+00 0.0000000000e+00 0.0000000000e+00 1.0000000000e+00
9.9921178818e-01 1.6235712974e-04 3.9695136249e-02 -4.0766742826e-01 -4.7751166858e-04 9.9996840954e-01 7.9300217330e-03 -8.1349015236e-02 -3.9692595601e-02 -7.9427268356e-03 9.9918037653e-01 4.7044469975e-03 0.0000000000e+00 0.0000000000e+00 0.0000000000e+00 1.0000000000e+00
9.9934935570e-01 7.9809498857e-05 3.6068648100e-02 -4.5735442638e-01 -3.4011941170e-04 9.9997401237e-01 7.2109904140e-03 -9.1322019696e-02 -3.6067135632e-02 -7.2185662575e-03 9.9932336807e-01 3.5825024825e-03 0.0000000000e+00 0.0000000000e+00 0.0000000000e+00 1.0000000000e+00
9.9946349859e-01 8.6752206698e-06 3.2751802355e-02 -5.0871312618e-01 -2.2329234343e-04 9.9997854233e-01 6.5491837449e-03 -1.0163465887e-01 -3.2751038671e-02 -6.5529826097e-03 9.9944216013e-01 2.3058995139e-03 0.0000000000e+00 0.0000000000e+00 0.0000000000e+00 1.0000000000e+00
9.9955439568e-01 -4.3113570428e-05 2.9848681763e-02 -5.5925965309e-01 -1.3510293502e-04 9.9998223782e-01 5.9686228633e-03 -1.1178340018e-01 -2.9848407954e-02 -5.9699960984e-03 9.9953663349e-01 9.5569691621e-04 0.0000000000e+00 0.0000000000e+00 0.0000000000e+00 1.0000000000e+00
9.9963319302e-01 -7.9283228843e-05 2.7079386637e-02 -6.1345058680e-01 -6.7284410761e-05 9.9998539686e-01 5.4115625098e-03 -1.2265932560e-01 -2.7079422027e-02 -5.4113999940e-03 9.9961853027e-01 -5.3346855566e-04 0.0000000000e+00 0.0000000000e+00 0.0000000000e+00 1.0000000000e+00
9.9969571829e-01 -9.8754273495e-05 2.4665951729e-02 -6.6645675898e-01 -2.2760295906e-05 9.9998790026e-01 4.9260789528e-03 -1.3329339027e-01 -2.4666141719e-02 -4.9251415767e-03 9.9968361855e-01 -2.0244976040e-03 0.0000000000e+00 0.0000000000e+00 0.0000000000e+00 1.0000000000e+00
9.9974542856e-01 -1.0278810078e-04 2.2562386468e-02 -7.1802347898e-01 1.2049902125e-06 9.9998986721e-01 4.5022880659e-03 -1.4363197982e-01 -2.2562621161e-02 -4.5011150651e-03 9.9973529577e-01 -3.4938964527e-03 0.0000000000e+00 0.0000000000e+00 0.0000000000e+00 1.0000000000e+00
9.9979060888e-01 -9.3698676210e-05 2.0460771397e-02 -7.7549064159e-01 1.0295622815e-05 9.9999171495e-01 4.0763090365e-03 -1.5514387190e-01 -2.0460983738e-02 -4.0752450004e-03 9.9978238344e-01 -5.1308982074e-03 0.0000000000e+00 0.0000000000e+00 0.0000000000e+00 1.0000000000e+00
9.9982625246e-01 -7.8552853665e-05 1.8637076020e-02 -8.3133786917e-01 9.4431661637e-06 9.9999314547e-01 3.7082422059e-03 -1.6632732749e-01 -1.8637236208e-02 -3.7074221764e-03 9.9981945753e-01 -6.7083365284e-03 0.0000000000e+00 0.0000000000e+00 0.0000000000e+00 1.0000000000e+00
9.9985581636e-01 -5.8606765378e-05 1.6977302730e-02 -8.8796448708e-01 1.3909582322e-06 9.9999433756e-01 3.3701269422e-03 -1.7766298354e-01 -1.6977407038e-02 -3.3696175087e-03 9.9985015392e-01 -8.2873627543e-03 0.0000000000e+00 0.0000000000e+00 0.0000000000e+00 1.0000000000e+00
9.9988043308e-01 -3.5696597479e-05 1.5467500314e-02 -9.4529777765e-01 -1.1697346054e-05 9.9999535084e-01 3.0639977194e-03 -1.8913584948e-01 -1.5467535704e-02 -3.0638116878e-03 9.9987566471e-01 -9.8571609706e-03 0.0000000000e+00 0.0000000000e+00 0.0000000000e+00 1.0000000000e+00
9.9990069866e-01 -1.5618956240e-05 1.4093644917e-02 -1.0032721758e+00 -2.3618757041e-05 9.9999618530e-01 2.7839008253e-03 -2.0073920488e-01 -1.4093633741e-02 -2.7839567047e-03 9.9989676476e-01 -1.1404642835e-02 0.0000000000e+00 0.0000000000e+00 0.0000000000e+00 1.0000000000e+00
9.9991756678e-01 1.7340537397e-06 1.2847742066e-02 -1.0618300438e+00 -3.4265158320e-05 9.9999678135e-01 2.5318288244e-03 -2.1246156096e-01 -1.2847695500e-02 -2.5320602581e-03 9.9991416931e-01 -1.2924497016e-02 0.0000000000e+00 0.0000000000e+00 0.0000000000e+00 1.0000000000e+00
9.9993145466e-01 1.6528367269e-05 1.1713827960e-02 -1.1209155321e+00 -4.3470568926e-05 9.9999731779e-01 2.2997835185e-03 -2.2429120541e-01 -1.1713758111e-02 -2.3001350928e-03 9.9992871284e-01 -1.4410185628e-02 0.0000000000e+00 0.0000000000e+00 0.0000000000e+00 1.0000000000e+00
9.9994337559e-01 2.6921123208e-05 1.0641886853e-02 -1.1831969023e+00 -4.9077778385e-05 9.9999779463e-01 2.0817676559e-03 -2.3676781356e-01 -1.0641806759e-02 -2.0821720827e-03 9.9994122982e-01 -1.5923552215e-02 0.0000000000e+00 0.0000000000e+00 0.0000000000e+00 1.0000000000e+00
9.9995291233e-01 3.2813823054e-05 9.7099188715e-03 -1.2432147264e+00 -5.1185128541e-05 9.9999821186e-01 1.8917726120e-03 -2.4879544973e-01 -9.7098397091e-03 -1.8921804149e-03 9.9995112419e-01 -1.7329657450e-02 0.0000000000e+00 0.0000000000e+00 0.0000000000e+00 1.0000000000e+00
9.9996072054e-01 3.2383697544e-05 8.8659422472e-03 -1.3036243916e+00 -4.7615478252e-05 9.9999856949e-01 1.7178049311e-03 -2.6091131568e-01 -8.8658733293e-03 -1.7181594158e-03 9.9995923042e-01 -1.8691578880e-02 0.0000000000e+00 0.0000000000e+00 0.0000000000e+00 1.0000000000e+00
9.9996745586e-01 2.9732402254e-05 8.0659575760e-03 -1.3671609163e+00 -4.2266958189e-05 9.9999874830e-01 1.5538410516e-03 -2.7365785837e-01 -8.0659007654e-03 -1.5541315079e-03 9.9996626377e-01 -2.0066931844e-02 0.0000000000e+00 0.0000000000e+00 0.0000000000e+00 1.0000000000e+00
9.9997258186e-01 2.6750334655e-05 7.4039697647e-03 -1.4254802465e+00 -3.7249206798e-05 9.9999904633e-01 1.4178714482e-03 -2.8535938263e-01 -7.4039245956e-03 -1.4181082370e-03 9.9997162819e-01 -2.1281704307e-02 0.0000000000e+00 0.0000000000e+00 0.0000000000e+00 1.0000000000e+00
9.9997717142e-01 1.9631919713e-05 6.7719765939e-03 -1.4868630171e+00 -2.8367801860e-05 9.9999916553e-01 1.2899112189e-03 -2.9768410325e-01 -6.7719453946e-03 -1.2900736183e-03 9.9997627735e-01 -2.2498903796e-02 0.0000000000e+00 0.0000000000e+00 0.0000000000e+00 1.0000000000e+00
9.9998116493e-01 1.2427935872e-05 6.1479802243e-03 -1.5541286469e+00 -1.9571913072e-05 9.9999934435e-01 1.1619454017e-03 -3.1118953228e-01 -6.1479611322e-03 -1.1620437726e-03 9.9998044968e-01 -2.3775536567e-02 0.0000000000e+00 0.0000000000e+00 0.0000000000e+00 1.0000000000e+00
9.9998414516e-01 7.0262626650e-06 5.6319814175e-03 -1.6160399914e+00 -1.2973654520e-05 9.9999946356e-01 1.0559674120e-03 -3.2362112403e-01 -5.6319707073e-03 -1.0560237570e-03 9.9998354912e-01 -2.4897070602e-02 0.0000000000e+00 0.0000000000e+00 0.0000000000e+00 1.0000000000e+00
9.9998670816e-01 1.5264312196e-06 5.1639815792e-03 -1.6781686544e+00 -6.4735386331e-06 9.9999958277e-01 9.5798593247e-04 -3.3609646559e-01 -5.1639778540e-03 -9.5800653799e-04 9.9998617172e-01 -2.5974048302e-02 0.0000000000e+00 0.0000000000e+00 0.0000000000e+00 1.0000000000e+00
9.9998897314e-01 -4.0312597775e-06 4.7019873746e-03 -1.7461698055e+00 -3.1270133150e-08 9.9999958277e-01 8.6400244618e-04 -3.4975254536e-01 -4.7019883059e-03 -8.6399301654e-04 9.9998867512e-01 -2.7092134580e-02 0.0000000000e+00 0.0000000000e+00 0.0000000000e+00 1.0000000000e+00
9.9999076128e-01 -7.6934220488e-06 4.3199853972e-03 -1.8086897135e+00 4.3065451791e-06 9.9999976158e-01 7.8401080100e-04 -3.6230602860e-01 -4.3199900538e-03 -7.8398478217e-04 9.9999034405e-01 -2.8066037223e-02 0.0000000000e+00 0.0000000000e+00 0.0000000000e+00 1.0000000000e+00
